batches,learning rate,batch_size,per_batch,dropout,beta,k_conv,n_conv1,n_conv2,n_layer,n_lstm,n_steps,train step,cost
4,0.005,8,1250,1.0,0.0,3,3,5,3,10,106,0,24.2515
4,0.005,8,1250,1.0,0.0,3,3,5,3,10,106,1,21.7063
4,0.005,8,1250,1.0,0.0,3,3,5,3,10,106,2,20.1284
4,0.005,8,1250,1.0,0.0,3,3,5,3,10,106,3,19.0209
4,0.005,8,1250,1.0,0.0,3,3,5,3,10,106,4,18.1528
4,0.005,8,1250,1.0,0.0,3,3,5,3,10,106,5,17.5399
4,0.005,8,1250,1.0,0.0,3,3,5,3,10,106,6,17.0443
4,0.005,8,1250,1.0,0.0,3,3,5,3,10,106,7,16.657
4,0.005,8,1250,1.0,0.0,3,3,5,3,10,106,8,16.3051
4,0.005,8,1250,1.0,0.0,3,3,5,3,10,106,9,16.1056
4,0.005,8,1250,1.0,0.0,3,3,5,3,10,106,10,15.9234
4,0.005,8,1250,1.0,0.0,3,3,5,3,10,106,11,15.8105
4,0.005,8,1250,1.0,0.0,3,3,5,3,10,106,12,15.7554
4,0.005,8,1250,1.0,0.0,3,3,5,3,10,106,13,15.7396
4,0.005,8,1250,1.0,0.0,3,3,5,3,10,106,14,15.7464
4,0.005,8,1250,1.0,0.0,3,3,5,3,10,106,15,15.7593
4,0.005,8,1250,1.0,0.0,3,3,5,3,10,106,16,15.7663
4,0.005,8,1250,1.0,0.0,3,3,5,3,10,106,17,15.7676
4,0.005,8,1250,1.0,0.0,3,3,5,3,10,106,18,15.7544
4,0.005,8,1250,1.0,0.0,3,3,5,3,10,106,19,15.7306
4,0.005,8,1250,1.0,0.0,3,3,5,3,10,106,20,15.6958
4,0.005,8,1250,1.0,0.0,3,3,5,3,10,106,21,15.6504
4,0.005,8,1250,1.0,0.0,3,3,5,3,10,106,22,15.6072
4,0.005,8,1250,1.0,0.0,3,3,5,3,10,106,23,15.5633
4,0.005,8,1250,1.0,0.0,3,3,5,3,10,106,24,15.5214
4,0.005,8,1250,1.0,0.0,3,3,5,3,10,106,25,15.4814
4,0.005,8,1250,1.0,0.0,3,3,5,3,10,106,26,15.4605
4,0.005,8,1250,1.0,0.0,3,3,5,3,10,106,27,15.4447
4,0.005,8,1250,1.0,0.0,3,3,5,3,10,106,28,15.4376
4,0.005,8,1250,1.0,0.0,3,3,5,3,10,106,29,15.4276
4,0.005,8,1250,1.0,0.0,3,3,5,3,10,106,30,15.4231
4,0.005,8,1250,1.0,0.0,3,3,5,3,10,106,31,15.4082
4,0.005,8,1250,1.0,0.0,3,3,5,3,10,106,32,15.3991
4,0.005,8,1250,1.0,0.0,3,3,5,3,10,106,33,15.4115
4,0.005,8,1250,1.0,0.0,3,3,5,3,10,106,34,15.3911
4,0.005,8,1250,1.0,0.0,3,3,5,3,10,106,35,15.345
4,0.005,8,1250,1.0,0.0,3,3,5,3,10,106,36,15.3194
4,0.005,8,1250,1.0,0.0,3,3,5,3,10,106,37,15.28
4,0.005,8,1250,1.0,0.0,3,3,5,3,10,106,38,15.2368
4,0.005,8,1250,1.0,0.0,3,3,5,3,10,106,39,15.1968
4,0.005,8,1250,1.0,0.0,3,3,5,3,10,106,40,15.1517
4,0.005,8,1250,1.0,0.0,3,3,5,3,10,106,41,15.1116
4,0.005,8,1250,1.0,0.0,3,3,5,3,10,106,42,15.0628
4,0.005,8,1250,1.0,0.0,3,3,5,3,10,106,43,15.0238
4,0.005,8,1250,1.0,0.0,3,3,5,3,10,106,44,14.9568
4,0.005,8,1250,1.0,0.0,3,3,5,3,10,106,45,14.8924
4,0.005,8,1250,1.0,0.0,3,3,5,3,10,106,46,14.8151
4,0.005,8,1250,1.0,0.0,3,3,5,3,10,106,47,14.6915
4,0.005,8,1250,1.0,0.0,3,3,5,3,10,106,48,14.5491
4,0.005,8,1250,1.0,0.0,3,3,5,3,10,106,49,14.2642
4,0.005,8,1250,1.0,0.0,3,3,5,3,10,106,50,14.0766
4,0.005,8,1250,1.0,0.0,3,3,5,3,10,106,51,13.8298
4,0.005,8,1250,1.0,0.0,3,3,5,3,10,106,52,13.5649
4,0.005,8,1250,1.0,0.0,3,3,5,3,10,106,53,13.2492
4,0.005,8,1250,1.0,0.0,3,3,5,3,10,106,54,12.9551
4,0.005,8,1250,1.0,0.0,3,3,5,3,10,106,55,12.486
4,0.005,8,1250,1.0,0.0,3,3,5,3,10,106,56,11.9988
4,0.005,8,1250,1.0,0.0,3,3,5,3,10,106,57,11.7379
4,0.005,8,1250,1.0,0.0,3,3,5,3,10,106,58,11.1679
4,0.005,8,1250,1.0,0.0,3,3,5,3,10,106,59,10.4413
4,0.005,8,1250,1.0,0.0,3,3,5,3,10,106,60,9.69148
4,0.005,8,1250,1.0,0.0,3,3,5,3,10,106,61,9.18365
4,0.005,8,1250,1.0,0.0,3,3,5,3,10,106,62,8.78026
4,0.005,8,1250,1.0,0.0,3,3,5,3,10,106,63,7.76823
4,0.005,8,1250,1.0,0.0,3,3,5,3,10,106,64,8.33147
4,0.005,8,1250,1.0,0.0,3,3,5,3,10,106,65,8.67369
4,0.005,8,1250,1.0,0.0,3,3,5,3,10,106,66,7.33022
4,0.005,8,1250,1.0,0.0,3,3,5,3,10,106,67,7.60504
4,0.005,8,1250,1.0,0.0,3,3,5,3,10,106,68,7.39029
4,0.005,8,1250,1.0,0.0,3,3,5,3,10,106,69,6.68275
4,0.005,8,1250,1.0,0.0,3,3,5,3,10,106,70,6.02757
4,0.005,8,1250,1.0,0.0,3,3,5,3,10,106,71,5.72949
4,0.005,8,1250,1.0,0.0,3,3,5,3,10,106,72,5.54408
4,0.005,8,1250,1.0,0.0,3,3,5,3,10,106,73,6.53994
4,0.005,8,1250,1.0,0.0,3,3,5,3,10,106,74,5.21258
4,0.005,8,1250,1.0,0.0,3,3,5,3,10,106,75,5.71341
4,0.005,8,1250,1.0,0.0,3,3,5,3,10,106,76,5.6729
4,0.005,8,1250,1.0,0.0,3,3,5,3,10,106,77,4.90919
4,0.005,8,1250,1.0,0.0,3,3,5,3,10,106,78,4.75535
4,0.005,8,1250,1.0,0.0,3,3,5,3,10,106,79,4.69304
4,0.005,8,1250,1.0,0.0,3,3,5,3,10,106,80,4.66124
4,0.005,8,1250,1.0,0.0,3,3,5,3,10,106,81,5.2271
4,0.005,8,1250,1.0,0.0,3,3,5,3,10,106,82,4.49092
4,0.005,8,1250,1.0,0.0,3,3,5,3,10,106,83,5.25965
4,0.005,8,1250,1.0,0.0,3,3,5,3,10,106,84,4.77399
4,0.005,8,1250,1.0,0.0,3,3,5,3,10,106,85,4.56632
4,0.005,8,1250,1.0,0.0,3,3,5,3,10,106,86,4.40636
4,0.005,8,1250,1.0,0.0,3,3,5,3,10,106,87,4.3874
4,0.005,8,1250,1.0,0.0,3,3,5,3,10,106,88,4.51025
4,0.005,8,1250,1.0,0.0,3,3,5,3,10,106,89,4.26498
4,0.005,8,1250,1.0,0.0,3,3,5,3,10,106,90,4.21858
4,0.005,8,1250,1.0,0.0,3,3,5,3,10,106,91,4.20901
4,0.005,8,1250,1.0,0.0,3,3,5,3,10,106,92,4.14392
4,0.005,8,1250,1.0,0.0,3,3,5,3,10,106,93,4.10667
4,0.005,8,1250,1.0,0.0,3,3,5,3,10,106,94,4.10248
4,0.005,8,1250,1.0,0.0,3,3,5,3,10,106,95,4.0887
4,0.005,8,1250,1.0,0.0,3,3,5,3,10,106,96,4.02391
4,0.005,8,1250,1.0,0.0,3,3,5,3,10,106,97,3.95007
4,0.005,8,1250,1.0,0.0,3,3,5,3,10,106,98,3.87197
4,0.005,8,1250,1.0,0.0,3,3,5,3,10,106,99,3.82303
4,0.005,8,1250,1.0,0.0,3,3,5,3,10,106,100,3.77012
4,0.005,8,1250,1.0,0.0,3,3,5,3,10,106,-1,7.86246
4,0.005,8,1250,1.0,0.0,3,3,5,3,10,106,101,3.74584
4,0.005,8,1250,1.0,0.0,3,3,5,3,10,106,102,3.73267
4,0.005,8,1250,1.0,0.0,3,3,5,3,10,106,103,3.70796
4,0.005,8,1250,1.0,0.0,3,3,5,3,10,106,104,3.66989
4,0.005,8,1250,1.0,0.0,3,3,5,3,10,106,105,3.62394
4,0.005,8,1250,1.0,0.0,3,3,5,3,10,106,106,3.58769
4,0.005,8,1250,1.0,0.0,3,3,5,3,10,106,107,3.56641
4,0.005,8,1250,1.0,0.0,3,3,5,3,10,106,108,3.5384
4,0.005,8,1250,1.0,0.0,3,3,5,3,10,106,109,3.5129
4,0.005,8,1250,1.0,0.0,3,3,5,3,10,106,110,3.48986
4,0.005,8,1250,1.0,0.0,3,3,5,3,10,106,111,3.45991
4,0.005,8,1250,1.0,0.0,3,3,5,3,10,106,112,3.43133
4,0.005,8,1250,1.0,0.0,3,3,5,3,10,106,113,3.41228
4,0.005,8,1250,1.0,0.0,3,3,5,3,10,106,114,3.41827
4,0.005,8,1250,1.0,0.0,3,3,5,3,10,106,115,3.35987
4,0.005,8,1250,1.0,0.0,3,3,5,3,10,106,116,3.33039
4,0.005,8,1250,1.0,0.0,3,3,5,3,10,106,117,3.28156
4,0.005,8,1250,1.0,0.0,3,3,5,3,10,106,118,3.25658
4,0.005,8,1250,1.0,0.0,3,3,5,3,10,106,119,3.21769
4,0.005,8,1250,1.0,0.0,3,3,5,3,10,106,120,3.19483
4,0.005,8,1250,1.0,0.0,3,3,5,3,10,106,121,3.15251
4,0.005,8,1250,1.0,0.0,3,3,5,3,10,106,122,3.13123
4,0.005,8,1250,1.0,0.0,3,3,5,3,10,106,123,3.08184
4,0.005,8,1250,1.0,0.0,3,3,5,3,10,106,124,3.06904
4,0.005,8,1250,1.0,0.0,3,3,5,3,10,106,125,3.02842
4,0.005,8,1250,1.0,0.0,3,3,5,3,10,106,126,3.01229
4,0.005,8,1250,1.0,0.0,3,3,5,3,10,106,127,2.97612
4,0.005,8,1250,1.0,0.0,3,3,5,3,10,106,128,2.94264
4,0.005,8,1250,1.0,0.0,3,3,5,3,10,106,129,2.9193
4,0.005,8,1250,1.0,0.0,3,3,5,3,10,106,130,2.88104
4,0.005,8,1250,1.0,0.0,3,3,5,3,10,106,131,2.85692
4,0.005,8,1250,1.0,0.0,3,3,5,3,10,106,132,2.81955
4,0.005,8,1250,1.0,0.0,3,3,5,3,10,106,133,2.78914
4,0.005,8,1250,1.0,0.0,3,3,5,3,10,106,134,2.76413
4,0.005,8,1250,1.0,0.0,3,3,5,3,10,106,135,2.72902
4,0.005,8,1250,1.0,0.0,3,3,5,3,10,106,136,2.70199
4,0.005,8,1250,1.0,0.0,3,3,5,3,10,106,137,2.67452
4,0.005,8,1250,1.0,0.0,3,3,5,3,10,106,138,2.63793
4,0.005,8,1250,1.0,0.0,3,3,5,3,10,106,139,2.61181
4,0.005,8,1250,1.0,0.0,3,3,5,3,10,106,140,2.58646
4,0.005,8,1250,1.0,0.0,3,3,5,3,10,106,141,2.54965
4,0.005,8,1250,1.0,0.0,3,3,5,3,10,106,142,2.52243
4,0.005,8,1250,1.0,0.0,3,3,5,3,10,106,143,2.50187
4,0.005,8,1250,1.0,0.0,3,3,5,3,10,106,144,2.46993
4,0.005,8,1250,1.0,0.0,3,3,5,3,10,106,145,2.44247
4,0.005,8,1250,1.0,0.0,3,3,5,3,10,106,146,2.41303
4,0.005,8,1250,1.0,0.0,3,3,5,3,10,106,147,2.39872
4,0.005,8,1250,1.0,0.0,3,3,5,3,10,106,148,2.38737
4,0.005,8,1250,1.0,0.0,3,3,5,3,10,106,149,2.49957
4,0.005,8,1250,1.0,0.0,3,3,5,3,10,106,150,2.35591
4,0.005,8,1250,1.0,0.0,3,3,5,3,10,106,151,2.57104
4,0.005,8,1250,1.0,0.0,3,3,5,3,10,106,152,2.55196
4,0.005,8,1250,1.0,0.0,3,3,5,3,10,106,153,2.46744
4,0.005,8,1250,1.0,0.0,3,3,5,3,10,106,154,2.35568
4,0.005,8,1250,1.0,0.0,3,3,5,3,10,106,155,2.3037
4,0.005,8,1250,1.0,0.0,3,3,5,3,10,106,156,2.33744
4,0.005,8,1250,1.0,0.0,3,3,5,3,10,106,157,2.31371
4,0.005,8,1250,1.0,0.0,3,3,5,3,10,106,158,2.28035
4,0.005,8,1250,1.0,0.0,3,3,5,3,10,106,159,2.23104
4,0.005,8,1250,1.0,0.0,3,3,5,3,10,106,160,2.20519
4,0.005,8,1250,1.0,0.0,3,3,5,3,10,106,161,2.19375
4,0.005,8,1250,1.0,0.0,3,3,5,3,10,106,162,2.14926
4,0.005,8,1250,1.0,0.0,3,3,5,3,10,106,163,2.10089
4,0.005,8,1250,1.0,0.0,3,3,5,3,10,106,164,2.10133
4,0.005,8,1250,1.0,0.0,3,3,5,3,10,106,165,2.0931
4,0.005,8,1250,1.0,0.0,3,3,5,3,10,106,166,2.04239
4,0.005,8,1250,1.0,0.0,3,3,5,3,10,106,167,2.01646
4,0.005,8,1250,1.0,0.0,3,3,5,3,10,106,168,2.00762
4,0.005,8,1250,1.0,0.0,3,3,5,3,10,106,169,1.97523
4,0.005,8,1250,1.0,0.0,3,3,5,3,10,106,170,1.95043
4,0.005,8,1250,1.0,0.0,3,3,5,3,10,106,171,1.93543
4,0.005,8,1250,1.0,0.0,3,3,5,3,10,106,172,1.90817
4,0.005,8,1250,1.0,0.0,3,3,5,3,10,106,173,1.88542
4,0.005,8,1250,1.0,0.0,3,3,5,3,10,106,174,1.87203
4,0.005,8,1250,1.0,0.0,3,3,5,3,10,106,175,1.8459
4,0.005,8,1250,1.0,0.0,3,3,5,3,10,106,176,1.81993
4,0.005,8,1250,1.0,0.0,3,3,5,3,10,106,177,1.80711
4,0.005,8,1250,1.0,0.0,3,3,5,3,10,106,178,1.78374
4,0.005,8,1250,1.0,0.0,3,3,5,3,10,106,179,1.76579
4,0.005,8,1250,1.0,0.0,3,3,5,3,10,106,180,1.74621
4,0.005,8,1250,1.0,0.0,3,3,5,3,10,106,181,1.72242
4,0.005,8,1250,1.0,0.0,3,3,5,3,10,106,182,1.70563
4,0.005,8,1250,1.0,0.0,3,3,5,3,10,106,183,1.68837
4,0.005,8,1250,1.0,0.0,3,3,5,3,10,106,184,1.66676
4,0.005,8,1250,1.0,0.0,3,3,5,3,10,106,185,1.65303
4,0.005,8,1250,1.0,0.0,3,3,5,3,10,106,186,1.62733
4,0.005,8,1250,1.0,0.0,3,3,5,3,10,106,187,1.60833
4,0.005,8,1250,1.0,0.0,3,3,5,3,10,106,188,1.59085
4,0.005,8,1250,1.0,0.0,3,3,5,3,10,106,189,1.5679
4,0.005,8,1250,1.0,0.0,3,3,5,3,10,106,190,1.55235
4,0.005,8,1250,1.0,0.0,3,3,5,3,10,106,191,1.53717
4,0.005,8,1250,1.0,0.0,3,3,5,3,10,106,192,1.51323
4,0.005,8,1250,1.0,0.0,3,3,5,3,10,106,193,1.49544
4,0.005,8,1250,1.0,0.0,3,3,5,3,10,106,194,1.47321
4,0.005,8,1250,1.0,0.0,3,3,5,3,10,106,195,1.4595
4,0.005,8,1250,1.0,0.0,3,3,5,3,10,106,196,1.44191
4,0.005,8,1250,1.0,0.0,3,3,5,3,10,106,197,1.41883
4,0.005,8,1250,1.0,0.0,3,3,5,3,10,106,198,1.40741
4,0.005,8,1250,1.0,0.0,3,3,5,3,10,106,199,1.39649
4,0.005,8,1250,1.0,0.0,3,3,5,3,10,106,200,1.37165
4,0.005,8,1250,1.0,0.0,3,3,5,3,10,106,-1,7.93459
4,0.005,8,1250,1.0,0.0,3,3,5,3,10,106,201,1.35896
4,0.005,8,1250,1.0,0.0,3,3,5,3,10,106,202,1.34591
4,0.005,8,1250,1.0,0.0,3,3,5,3,10,106,203,1.31846
4,0.005,8,1250,1.0,0.0,3,3,5,3,10,106,204,1.31098
4,0.005,8,1250,1.0,0.0,3,3,5,3,10,106,205,1.29036
4,0.005,8,1250,1.0,0.0,3,3,5,3,10,106,206,1.27562
4,0.005,8,1250,1.0,0.0,3,3,5,3,10,106,207,1.25442
4,0.005,8,1250,1.0,0.0,3,3,5,3,10,106,208,1.2415
4,0.005,8,1250,1.0,0.0,3,3,5,3,10,106,209,1.21983
4,0.005,8,1250,1.0,0.0,3,3,5,3,10,106,210,1.21043
4,0.005,8,1250,1.0,0.0,3,3,5,3,10,106,211,1.18905
4,0.005,8,1250,1.0,0.0,3,3,5,3,10,106,212,1.17466
4,0.005,8,1250,1.0,0.0,3,3,5,3,10,106,213,1.16059
4,0.005,8,1250,1.0,0.0,3,3,5,3,10,106,214,1.14246
4,0.005,8,1250,1.0,0.0,3,3,5,3,10,106,215,1.12862
4,0.005,8,1250,1.0,0.0,3,3,5,3,10,106,216,1.11158
4,0.005,8,1250,1.0,0.0,3,3,5,3,10,106,217,1.09835
4,0.005,8,1250,1.0,0.0,3,3,5,3,10,106,218,1.08139
4,0.005,8,1250,1.0,0.0,3,3,5,3,10,106,219,1.0668
4,0.005,8,1250,1.0,0.0,3,3,5,3,10,106,220,1.05325
4,0.005,8,1250,1.0,0.0,3,3,5,3,10,106,221,1.03668
4,0.005,8,1250,1.0,0.0,3,3,5,3,10,106,222,1.02231
4,0.005,8,1250,1.0,0.0,3,3,5,3,10,106,223,1.00617
4,0.005,8,1250,1.0,0.0,3,3,5,3,10,106,224,0.992909
4,0.005,8,1250,1.0,0.0,3,3,5,3,10,106,225,0.977969
4,0.005,8,1250,1.0,0.0,3,3,5,3,10,106,226,0.963358
4,0.005,8,1250,1.0,0.0,3,3,5,3,10,106,227,0.948203
4,0.005,8,1250,1.0,0.0,3,3,5,3,10,106,228,0.93281
4,0.005,8,1250,1.0,0.0,3,3,5,3,10,106,229,0.918551
4,0.005,8,1250,1.0,0.0,3,3,5,3,10,106,230,0.903565
4,0.005,8,1250,1.0,0.0,3,3,5,3,10,106,231,0.889805
4,0.005,8,1250,1.0,0.0,3,3,5,3,10,106,232,0.875339
4,0.005,8,1250,1.0,0.0,3,3,5,3,10,106,233,0.86247
4,0.005,8,1250,1.0,0.0,3,3,5,3,10,106,234,0.851052
4,0.005,8,1250,1.0,0.0,3,3,5,3,10,106,235,0.846055
4,0.005,8,1250,1.0,0.0,3,3,5,3,10,106,236,0.862391
4,0.005,8,1250,1.0,0.0,3,3,5,3,10,106,237,0.875789
4,0.005,8,1250,1.0,0.0,3,3,5,3,10,106,238,0.893508
4,0.005,8,1250,1.0,0.0,3,3,5,3,10,106,239,0.785378
4,0.005,8,1250,1.0,0.0,3,3,5,3,10,106,240,0.793679
4,0.005,8,1250,1.0,0.0,3,3,5,3,10,106,241,0.847844
4,0.005,8,1250,1.0,0.0,3,3,5,3,10,106,242,0.742285
4,0.005,8,1250,1.0,0.0,3,3,5,3,10,106,243,0.778244
4,0.005,8,1250,1.0,0.0,3,3,5,3,10,106,244,0.804958
4,0.005,8,1250,1.0,0.0,3,3,5,3,10,106,245,0.700682
4,0.005,8,1250,1.0,0.0,3,3,5,3,10,106,246,0.806894
4,0.005,8,1250,1.0,0.0,3,3,5,3,10,106,247,0.718953
4,0.005,8,1250,1.0,0.0,3,3,5,3,10,106,248,0.71062
4,0.005,8,1250,1.0,0.0,3,3,5,3,10,106,249,0.71751
4,0.005,8,1250,1.0,0.0,3,3,5,3,10,106,250,0.636106
4,0.005,8,1250,1.0,0.0,3,3,5,3,10,106,251,0.679429
4,0.005,8,1250,1.0,0.0,3,3,5,3,10,106,252,0.608836
4,0.005,8,1250,1.0,0.0,3,3,5,3,10,106,253,0.66011
4,0.005,8,1250,1.0,0.0,3,3,5,3,10,106,254,0.602781
4,0.005,8,1250,1.0,0.0,3,3,5,3,10,106,255,0.642444
4,0.005,8,1250,1.0,0.0,3,3,5,3,10,106,256,0.620269
4,0.005,8,1250,1.0,0.0,3,3,5,3,10,106,257,0.634418
4,0.005,8,1250,1.0,0.0,3,3,5,3,10,106,258,0.584013
4,0.005,8,1250,1.0,0.0,3,3,5,3,10,106,259,0.54494
4,0.005,8,1250,1.0,0.0,3,3,5,3,10,106,260,0.529325
4,0.005,8,1250,1.0,0.0,3,3,5,3,10,106,261,0.516974
4,0.005,8,1250,1.0,0.0,3,3,5,3,10,106,262,0.553706
4,0.005,8,1250,1.0,0.0,3,3,5,3,10,106,263,0.534151
4,0.005,8,1250,1.0,0.0,3,3,5,3,10,106,264,0.513429
4,0.005,8,1250,1.0,0.0,3,3,5,3,10,106,265,0.453379
4,0.005,8,1250,1.0,0.0,3,3,5,3,10,106,266,0.448234
4,0.005,8,1250,1.0,0.0,3,3,5,3,10,106,267,0.433171
4,0.005,8,1250,1.0,0.0,3,3,5,3,10,106,268,0.449147
4,0.005,8,1250,1.0,0.0,3,3,5,3,10,106,269,0.469851
4,0.005,8,1250,1.0,0.0,3,3,5,3,10,106,270,0.449147
4,0.005,8,1250,1.0,0.0,3,3,5,3,10,106,271,0.410598
4,0.005,8,1250,1.0,0.0,3,3,5,3,10,106,272,0.37472
4,0.005,8,1250,1.0,0.0,3,3,5,3,10,106,273,0.356461
4,0.005,8,1250,1.0,0.0,3,3,5,3,10,106,274,0.34601
4,0.005,8,1250,1.0,0.0,3,3,5,3,10,106,275,0.341858
4,0.005,8,1250,1.0,0.0,3,3,5,3,10,106,276,0.350117
4,0.005,8,1250,1.0,0.0,3,3,5,3,10,106,277,0.419714
4,0.005,8,1250,1.0,0.0,3,3,5,3,10,106,278,0.411245
4,0.005,8,1250,1.0,0.0,3,3,5,3,10,106,279,0.322238
4,0.005,8,1250,1.0,0.0,3,3,5,3,10,106,280,0.292704
4,0.005,8,1250,1.0,0.0,3,3,5,3,10,106,281,0.291593
4,0.005,8,1250,1.0,0.0,3,3,5,3,10,106,282,0.327838
4,0.005,8,1250,1.0,0.0,3,3,5,3,10,106,283,0.369174
4,0.005,8,1250,1.0,0.0,3,3,5,3,10,106,284,0.322205
4,0.005,8,1250,1.0,0.0,3,3,5,3,10,106,285,0.26713
4,0.005,8,1250,1.0,0.0,3,3,5,3,10,106,286,0.272145
4,0.005,8,1250,1.0,0.0,3,3,5,3,10,106,287,0.297386
4,0.005,8,1250,1.0,0.0,3,3,5,3,10,106,288,0.298708
4,0.005,8,1250,1.0,0.0,3,3,5,3,10,106,289,0.264313
4,0.005,8,1250,1.0,0.0,3,3,5,3,10,106,290,0.294928
4,0.005,8,1250,1.0,0.0,3,3,5,3,10,106,291,0.266989
4,0.005,8,1250,1.0,0.0,3,3,5,3,10,106,292,0.225487
4,0.005,8,1250,1.0,0.0,3,3,5,3,10,106,293,0.246209
4,0.005,8,1250,1.0,0.0,3,3,5,3,10,106,294,0.235841
4,0.005,8,1250,1.0,0.0,3,3,5,3,10,106,295,0.225899
4,0.005,8,1250,1.0,0.0,3,3,5,3,10,106,296,0.230304
4,0.005,8,1250,1.0,0.0,3,3,5,3,10,106,297,0.271537
4,0.005,8,1250,1.0,0.0,3,3,5,3,10,106,298,0.232763
4,0.005,8,1250,1.0,0.0,3,3,5,3,10,106,299,0.221965
4,0.005,8,1250,1.0,0.0,3,3,5,3,10,106,300,0.241036
4,0.005,8,1250,1.0,0.0,3,3,5,3,10,106,-1,7.74127
4,0.005,8,1250,1.0,0.0,3,3,5,3,10,106,301,0.124117
4,0.005,8,1250,1.0,0.0,3,3,5,3,10,106,302,0.256533
4,0.005,8,1250,1.0,0.0,3,3,5,3,10,106,303,0.188251
4,0.005,8,1250,1.0,0.0,3,3,5,3,10,106,304,0.267565
4,0.005,8,1250,1.0,0.0,3,3,5,3,10,106,305,0.148034
4,0.005,8,1250,1.0,0.0,3,3,5,3,10,106,306,0.227217
4,0.005,8,1250,1.0,0.0,3,3,5,3,10,106,307,0.150669
4,0.005,8,1250,1.0,0.0,3,3,5,3,10,106,308,0.218344
4,0.005,8,1250,1.0,0.0,3,3,5,3,10,106,309,0.203389
4,0.005,8,1250,1.0,0.0,3,3,5,3,10,106,310,0.186609
4,0.005,8,1250,1.0,0.0,3,3,5,3,10,106,311,0.156435
4,0.005,8,1250,1.0,0.0,3,3,5,3,10,106,312,0.199882
4,0.005,8,1250,1.0,0.0,3,3,5,3,10,106,313,0.143652
4,0.005,8,1250,1.0,0.0,3,3,5,3,10,106,314,0.274709
4,0.005,8,1250,1.0,0.0,3,3,5,3,10,106,315,0.0511815
4,0.005,8,1250,1.0,0.0,3,3,5,3,10,106,316,0.287356
4,0.005,8,1250,1.0,0.0,3,3,5,3,10,106,317,0.185825
4,0.005,8,1250,1.0,0.0,3,3,5,3,10,106,318,0.194669
4,0.005,8,1250,1.0,0.0,3,3,5,3,10,106,319,0.248063
4,0.005,8,1250,1.0,0.0,3,3,5,3,10,106,320,0.109497
4,0.005,8,1250,1.0,0.0,3,3,5,3,10,106,321,0.414599
4,0.005,8,1250,1.0,0.0,3,3,5,3,10,106,322,0.507419
4,0.005,8,1250,1.0,0.0,3,3,5,3,10,106,323,0.298036
4,0.005,8,1250,1.0,0.0,3,3,5,3,10,106,324,0.318147
4,0.005,8,1250,1.0,0.0,3,3,5,3,10,106,325,0.318464
4,0.005,8,1250,1.0,0.0,3,3,5,3,10,106,326,0.346588
4,0.005,8,1250,1.0,0.0,3,3,5,3,10,106,327,0.347945
4,0.005,8,1250,1.0,0.0,3,3,5,3,10,106,328,0.385623
4,0.005,8,1250,1.0,0.0,3,3,5,3,10,106,329,0.453714
4,0.005,8,1250,1.0,0.0,3,3,5,3,10,106,330,0.419357
4,0.005,8,1250,1.0,0.0,3,3,5,3,10,106,331,0.288847
4,0.005,8,1250,1.0,0.0,3,3,5,3,10,106,332,0.356081
4,0.005,8,1250,1.0,0.0,3,3,5,3,10,106,333,0.298031
4,0.005,8,1250,1.0,0.0,3,3,5,3,10,106,334,0.342024
4,0.005,8,1250,1.0,0.0,3,3,5,3,10,106,335,0.227072
4,0.005,8,1250,1.0,0.0,3,3,5,3,10,106,336,0.313304
4,0.005,8,1250,1.0,0.0,3,3,5,3,10,106,337,0.36634
4,0.005,8,1250,1.0,0.0,3,3,5,3,10,106,338,0.182664
4,0.005,8,1250,1.0,0.0,3,3,5,3,10,106,339,0.357151
4,0.005,8,1250,1.0,0.0,3,3,5,3,10,106,340,0.349115
4,0.005,8,1250,1.0,0.0,3,3,5,3,10,106,341,0.213754
4,0.005,8,1250,1.0,0.0,3,3,5,3,10,106,342,0.253083
4,0.005,8,1250,1.0,0.0,3,3,5,3,10,106,343,0.214804
4,0.005,8,1250,1.0,0.0,3,3,5,3,10,106,344,0.217267
4,0.005,8,1250,1.0,0.0,3,3,5,3,10,106,345,0.158354
4,0.005,8,1250,1.0,0.0,3,3,5,3,10,106,346,0.238723
4,0.005,8,1250,1.0,0.0,3,3,5,3,10,106,347,0.237464
4,0.005,8,1250,1.0,0.0,3,3,5,3,10,106,348,0.130001
4,0.005,8,1250,1.0,0.0,3,3,5,3,10,106,349,0.334625
4,0.005,8,1250,1.0,0.0,3,3,5,3,10,106,350,0.252088
4,0.005,8,1250,1.0,0.0,3,3,5,3,10,106,351,0.328479
4,0.005,8,1250,1.0,0.0,3,3,5,3,10,106,352,0.247965
4,0.005,8,1250,1.0,0.0,3,3,5,3,10,106,353,0.345953
4,0.005,8,1250,1.0,0.0,3,3,5,3,10,106,354,0.338395
4,0.005,8,1250,1.0,0.0,3,3,5,3,10,106,355,0.256924
4,0.005,8,1250,1.0,0.0,3,3,5,3,10,106,356,0.223144
4,0.005,8,1250,1.0,0.0,3,3,5,3,10,106,357,0.318672
4,0.005,8,1250,1.0,0.0,3,3,5,3,10,106,358,0.292039
4,0.005,8,1250,1.0,0.0,3,3,5,3,10,106,359,0.222949
4,0.005,8,1250,1.0,0.0,3,3,5,3,10,106,360,0.183474
4,0.005,8,1250,1.0,0.0,3,3,5,3,10,106,361,0.306315
4,0.005,8,1250,1.0,0.0,3,3,5,3,10,106,362,0.245499
4,0.005,8,1250,1.0,0.0,3,3,5,3,10,106,363,0.283744
4,0.005,8,1250,1.0,0.0,3,3,5,3,10,106,364,0.259149
4,0.005,8,1250,1.0,0.0,3,3,5,3,10,106,365,0.241472
4,0.005,8,1250,1.0,0.0,3,3,5,3,10,106,366,0.238839
4,0.005,8,1250,1.0,0.0,3,3,5,3,10,106,367,0.195652
4,0.005,8,1250,1.0,0.0,3,3,5,3,10,106,368,0.144476
4,0.005,8,1250,1.0,0.0,3,3,5,3,10,106,369,0.314861
4,0.005,8,1250,1.0,0.0,3,3,5,3,10,106,370,0.272925
4,0.005,8,1250,1.0,0.0,3,3,5,3,10,106,371,0.201929
4,0.005,8,1250,1.0,0.0,3,3,5,3,10,106,372,0.19888
4,0.005,8,1250,1.0,0.0,3,3,5,3,10,106,373,0.223512
4,0.005,8,1250,1.0,0.0,3,3,5,3,10,106,374,0.180608
4,0.005,8,1250,1.0,0.0,3,3,5,3,10,106,375,0.260993
4,0.005,8,1250,1.0,0.0,3,3,5,3,10,106,376,0.239981
4,0.005,8,1250,1.0,0.0,3,3,5,3,10,106,377,0.190312
4,0.005,8,1250,1.0,0.0,3,3,5,3,10,106,378,0.175782
4,0.005,8,1250,1.0,0.0,3,3,5,3,10,106,379,0.229083
4,0.005,8,1250,1.0,0.0,3,3,5,3,10,106,380,0.182727
4,0.005,8,1250,1.0,0.0,3,3,5,3,10,106,381,0.243814
4,0.005,8,1250,1.0,0.0,3,3,5,3,10,106,382,0.237672
4,0.005,8,1250,1.0,0.0,3,3,5,3,10,106,383,0.15502
4,0.005,8,1250,1.0,0.0,3,3,5,3,10,106,384,0.141044
4,0.005,8,1250,1.0,0.0,3,3,5,3,10,106,385,0.219166
4,0.005,8,1250,1.0,0.0,3,3,5,3,10,106,386,0.163895
4,0.005,8,1250,1.0,0.0,3,3,5,3,10,106,387,0.248006
4,0.005,8,1250,1.0,0.0,3,3,5,3,10,106,388,0.240346
4,0.005,8,1250,1.0,0.0,3,3,5,3,10,106,389,0.140917
4,0.005,8,1250,1.0,0.0,3,3,5,3,10,106,390,0.147612
4,0.005,8,1250,1.0,0.0,3,3,5,3,10,106,391,0.175428
4,0.005,8,1250,1.0,0.0,3,3,5,3,10,106,392,0.123407
4,0.005,8,1250,1.0,0.0,3,3,5,3,10,106,393,0.232044
4,0.005,8,1250,1.0,0.0,3,3,5,3,10,106,394,0.201905
4,0.005,8,1250,1.0,0.0,3,3,5,3,10,106,395,0.167001
4,0.005,8,1250,1.0,0.0,3,3,5,3,10,106,396,0.164997
4,0.005,8,1250,1.0,0.0,3,3,5,3,10,106,397,0.164787
4,0.005,8,1250,1.0,0.0,3,3,5,3,10,106,398,0.139022
4,0.005,8,1250,1.0,0.0,3,3,5,3,10,106,399,0.190156
4,0.005,8,1250,1.0,0.0,3,3,5,3,10,106,400,0.157079
4,0.005,8,1250,1.0,0.0,3,3,5,3,10,106,-1,7.66767
4,0.005,8,1250,1.0,0.0,3,3,5,3,10,106,401,0.189471
4,0.005,8,1250,1.0,0.0,3,3,5,3,10,106,402,0.179834
4,0.005,8,1250,1.0,0.0,3,3,5,3,10,106,403,0.145949
4,0.005,8,1250,1.0,0.0,3,3,5,3,10,106,404,0.129709
4,0.005,8,1250,1.0,0.0,3,3,5,3,10,106,405,0.184828
4,0.005,8,1250,1.0,0.0,3,3,5,3,10,106,406,0.1555
4,0.005,8,1250,1.0,0.0,3,3,5,3,10,106,407,0.178468
4,0.005,8,1250,1.0,0.0,3,3,5,3,10,106,408,0.169393
4,0.005,8,1250,1.0,0.0,3,3,5,3,10,106,409,0.141975
4,0.005,8,1250,1.0,0.0,3,3,5,3,10,106,410,0.122546
4,0.005,8,1250,1.0,0.0,3,3,5,3,10,106,411,0.191915
4,0.005,8,1250,1.0,0.0,3,3,5,3,10,106,412,0.17511
4,0.005,8,1250,1.0,0.0,3,3,5,3,10,106,413,0.134692
4,0.005,8,1250,1.0,0.0,3,3,5,3,10,106,414,0.119295
4,0.005,8,1250,1.0,0.0,3,3,5,3,10,106,415,0.184877
4,0.005,8,1250,1.0,0.0,3,3,5,3,10,106,416,0.168417
4,0.005,8,1250,1.0,0.0,3,3,5,3,10,106,417,0.131777
4,0.005,8,1250,1.0,0.0,3,3,5,3,10,106,418,0.11557
4,0.005,8,1250,1.0,0.0,3,3,5,3,10,106,419,0.181368
4,0.005,8,1250,1.0,0.0,3,3,5,3,10,106,420,0.167456
4,0.005,8,1250,1.0,0.0,3,3,5,3,10,106,421,0.121882
4,0.005,8,1250,1.0,0.0,3,3,5,3,10,106,422,0.105205
4,0.005,8,1250,1.0,0.0,3,3,5,3,10,106,423,0.183233
4,0.005,8,1250,1.0,0.0,3,3,5,3,10,106,424,0.169829
4,0.005,8,1250,1.0,0.0,3,3,5,3,10,106,425,0.111023
4,0.005,8,1250,1.0,0.0,3,3,5,3,10,106,426,0.0956611
4,0.005,8,1250,1.0,0.0,3,3,5,3,10,106,427,0.182611
4,0.005,8,1250,1.0,0.0,3,3,5,3,10,106,428,0.16843
4,0.005,8,1250,1.0,0.0,3,3,5,3,10,106,429,0.105253
4,0.005,8,1250,1.0,0.0,3,3,5,3,10,106,430,0.0903279
4,0.005,8,1250,1.0,0.0,3,3,5,3,10,106,431,0.180397
4,0.005,8,1250,1.0,0.0,3,3,5,3,10,106,432,0.167162
4,0.005,8,1250,1.0,0.0,3,3,5,3,10,106,433,0.098357
4,0.005,8,1250,1.0,0.0,3,3,5,3,10,106,434,0.0835833
4,0.005,8,1250,1.0,0.0,3,3,5,3,10,106,435,0.179169
4,0.005,8,1250,1.0,0.0,3,3,5,3,10,106,436,0.165017
4,0.005,8,1250,1.0,0.0,3,3,5,3,10,106,437,0.0954762
4,0.005,8,1250,1.0,0.0,3,3,5,3,10,106,438,0.0835744
4,0.005,8,1250,1.0,0.0,3,3,5,3,10,106,439,0.169629
4,0.005,8,1250,1.0,0.0,3,3,5,3,10,106,440,0.152625
4,0.005,8,1250,1.0,0.0,3,3,5,3,10,106,441,0.104846
4,0.005,8,1250,1.0,0.0,3,3,5,3,10,106,442,0.0953241
4,0.005,8,1250,1.0,0.0,3,3,5,3,10,106,443,0.150918
4,0.005,8,1250,1.0,0.0,3,3,5,3,10,106,444,0.132622
4,0.005,8,1250,1.0,0.0,3,3,5,3,10,106,445,0.120882
4,0.005,8,1250,1.0,0.0,3,3,5,3,10,106,446,0.111151
4,0.005,8,1250,1.0,0.0,3,3,5,3,10,106,447,0.132515
4,0.005,8,1250,1.0,0.0,3,3,5,3,10,106,448,0.116555
4,0.005,8,1250,1.0,0.0,3,3,5,3,10,106,449,0.130103
4,0.005,8,1250,1.0,0.0,3,3,5,3,10,106,450,0.118026
4,0.005,8,1250,1.0,0.0,3,3,5,3,10,106,451,0.124309
4,0.005,8,1250,1.0,0.0,3,3,5,3,10,106,452,0.111353
4,0.005,8,1250,1.0,0.0,3,3,5,3,10,106,453,0.12871
4,0.005,8,1250,1.0,0.0,3,3,5,3,10,106,454,0.114916
4,0.005,8,1250,1.0,0.0,3,3,5,3,10,106,455,0.124932
4,0.005,8,1250,1.0,0.0,3,3,5,3,10,106,456,0.113543
4,0.005,8,1250,1.0,0.0,3,3,5,3,10,106,457,0.121695
4,0.005,8,1250,1.0,0.0,3,3,5,3,10,106,458,0.107659
4,0.005,8,1250,1.0,0.0,3,3,5,3,10,106,459,0.128486
4,0.005,8,1250,1.0,0.0,3,3,5,3,10,106,460,0.117387
4,0.005,8,1250,1.0,0.0,3,3,5,3,10,106,461,0.114232
4,0.005,8,1250,1.0,0.0,3,3,5,3,10,106,462,0.100782
4,0.005,8,1250,1.0,0.0,3,3,5,3,10,106,463,0.131129
4,0.005,8,1250,1.0,0.0,3,3,5,3,10,106,464,0.119785
4,0.005,8,1250,1.0,0.0,3,3,5,3,10,106,465,0.108629
4,0.005,8,1250,1.0,0.0,3,3,5,3,10,106,466,0.0959404
4,0.005,8,1250,1.0,0.0,3,3,5,3,10,106,467,0.131727
4,0.005,8,1250,1.0,0.0,3,3,5,3,10,106,468,0.120134
4,0.005,8,1250,1.0,0.0,3,3,5,3,10,106,469,0.105077
4,0.005,8,1250,1.0,0.0,3,3,5,3,10,106,470,0.0929203
4,0.005,8,1250,1.0,0.0,3,3,5,3,10,106,471,0.130696
4,0.005,8,1250,1.0,0.0,3,3,5,3,10,106,472,0.119037
4,0.005,8,1250,1.0,0.0,3,3,5,3,10,106,473,0.102997
4,0.005,8,1250,1.0,0.0,3,3,5,3,10,106,474,0.0912582
4,0.005,8,1250,1.0,0.0,3,3,5,3,10,106,475,0.128103
4,0.005,8,1250,1.0,0.0,3,3,5,3,10,106,476,0.115922
4,0.005,8,1250,1.0,0.0,3,3,5,3,10,106,477,0.10346
4,0.005,8,1250,1.0,0.0,3,3,5,3,10,106,478,0.0929238
4,0.005,8,1250,1.0,0.0,3,3,5,3,10,106,479,0.121406
4,0.005,8,1250,1.0,0.0,3,3,5,3,10,106,480,0.107724
4,0.005,8,1250,1.0,0.0,3,3,5,3,10,106,481,0.109705
4,0.005,8,1250,1.0,0.0,3,3,5,3,10,106,482,0.100213
4,0.005,8,1250,1.0,0.0,3,3,5,3,10,106,483,0.11034
4,0.005,8,1250,1.0,0.0,3,3,5,3,10,106,484,0.0966871
4,0.005,8,1250,1.0,0.0,3,3,5,3,10,106,485,0.117413
4,0.005,8,1250,1.0,0.0,3,3,5,3,10,106,486,0.107114
4,0.005,8,1250,1.0,0.0,3,3,5,3,10,106,487,0.102044
4,0.005,8,1250,1.0,0.0,3,3,5,3,10,106,488,0.0909372
4,0.005,8,1250,1.0,0.0,3,3,5,3,10,106,489,0.117075
4,0.005,8,1250,1.0,0.0,3,3,5,3,10,106,490,0.103147
4,0.005,8,1250,1.0,0.0,3,3,5,3,10,106,491,0.107903
4,0.005,8,1250,1.0,0.0,3,3,5,3,10,106,492,0.101865
4,0.005,8,1250,1.0,0.0,3,3,5,3,10,106,493,0.102203
4,0.005,8,1250,1.0,0.0,3,3,5,3,10,106,494,0.0857512
4,0.005,8,1250,1.0,0.0,3,3,5,3,10,106,495,0.121412
4,0.005,8,1250,1.0,0.0,3,3,5,3,10,106,496,0.107594
4,0.005,8,1250,1.0,0.0,3,3,5,3,10,106,497,0.101422
4,0.005,8,1250,1.0,0.0,3,3,5,3,10,106,498,0.0908305
4,0.005,8,1250,1.0,0.0,3,3,5,3,10,106,499,0.113351
4,0.005,8,1250,1.0,0.0,3,3,5,3,10,106,500,0.102113
4,0.005,8,1250,1.0,0.0,3,3,5,3,10,106,-1,7.72124
4,0.005,8,1250,1.0,0.0,3,3,5,3,10,106,501,0.103921
4,0.005,8,1250,1.0,0.0,3,3,5,3,10,106,502,0.0919499
4,0.005,8,1250,1.0,0.0,3,3,5,3,10,106,503,0.111456
4,0.005,8,1250,1.0,0.0,3,3,5,3,10,106,504,0.101903
4,0.005,8,1250,1.0,0.0,3,3,5,3,10,106,505,0.0975403
4,0.005,8,1250,1.0,0.0,3,3,5,3,10,106,506,0.0861452
4,0.005,8,1250,1.0,0.0,3,3,5,3,10,106,507,0.112795
4,0.005,8,1250,1.0,0.0,3,3,5,3,10,106,508,0.103252
4,0.005,8,1250,1.0,0.0,3,3,5,3,10,106,509,0.0908597
4,0.005,8,1250,1.0,0.0,3,3,5,3,10,106,510,0.0785057
4,0.005,8,1250,1.0,0.0,3,3,5,3,10,106,511,0.117537
4,0.005,8,1250,1.0,0.0,3,3,5,3,10,106,512,0.107943
4,0.005,8,1250,1.0,0.0,3,3,5,3,10,106,513,0.0834448
4,0.005,8,1250,1.0,0.0,3,3,5,3,10,106,514,0.0723069
4,0.005,8,1250,1.0,0.0,3,3,5,3,10,106,515,0.118792
4,0.005,8,1250,1.0,0.0,3,3,5,3,10,106,516,0.107087
4,0.005,8,1250,1.0,0.0,3,3,5,3,10,106,517,0.0853442
4,0.005,8,1250,1.0,0.0,3,3,5,3,10,106,518,0.076308
4,0.005,8,1250,1.0,0.0,3,3,5,3,10,106,519,0.109162
4,0.005,8,1250,1.0,0.0,3,3,5,3,10,106,520,0.0948114
4,0.005,8,1250,1.0,0.0,3,3,5,3,10,106,521,0.0961635
4,0.005,8,1250,1.0,0.0,3,3,5,3,10,106,522,0.0889503
4,0.005,8,1250,1.0,0.0,3,3,5,3,10,106,523,0.0939023
4,0.005,8,1250,1.0,0.0,3,3,5,3,10,106,524,0.0838211
4,0.005,8,1250,1.0,0.0,3,3,5,3,10,106,525,0.0968638
4,0.005,8,1250,1.0,0.0,3,3,5,3,10,106,526,0.0860045
4,0.005,8,1250,1.0,0.0,3,3,5,3,10,106,527,0.0950963
4,0.005,8,1250,1.0,0.0,3,3,5,3,10,106,528,0.0852189
4,0.005,8,1250,1.0,0.0,3,3,5,3,10,106,529,0.0905588
4,0.005,8,1250,1.0,0.0,3,3,5,3,10,106,530,0.0782278
4,0.005,8,1250,1.0,0.0,3,3,5,3,10,106,531,0.100588
4,0.005,8,1250,1.0,0.0,3,3,5,3,10,106,532,0.0935042
4,0.005,8,1250,1.0,0.0,3,3,5,3,10,106,533,0.0786697
4,0.005,8,1250,1.0,0.0,3,3,5,3,10,106,534,0.0673994
4,0.005,8,1250,1.0,0.0,3,3,5,3,10,106,535,0.107421
4,0.005,8,1250,1.0,0.0,3,3,5,3,10,106,536,0.099797
4,0.005,8,1250,1.0,0.0,3,3,5,3,10,106,537,0.0708835
4,0.005,8,1250,1.0,0.0,3,3,5,3,10,106,538,0.0603132
4,0.005,8,1250,1.0,0.0,3,3,5,3,10,106,539,0.109374
4,0.005,8,1250,1.0,0.0,3,3,5,3,10,106,540,0.0999449
4,0.005,8,1250,1.0,0.0,3,3,5,3,10,106,541,0.0692011
4,0.005,8,1250,1.0,0.0,3,3,5,3,10,106,542,0.0612444
4,0.005,8,1250,1.0,0.0,3,3,5,3,10,106,543,0.104581
4,0.005,8,1250,1.0,0.0,3,3,5,3,10,106,544,0.0950127
4,0.005,8,1250,1.0,0.0,3,3,5,3,10,106,545,0.0714311
4,0.005,8,1250,1.0,0.0,3,3,5,3,10,106,546,0.0631139
4,0.005,8,1250,1.0,0.0,3,3,5,3,10,106,547,0.100219
4,0.005,8,1250,1.0,0.0,3,3,5,3,10,106,548,0.0917317
4,0.005,8,1250,1.0,0.0,3,3,5,3,10,106,549,0.0704571
4,0.005,8,1250,1.0,0.0,3,3,5,3,10,106,550,0.0609416
4,0.005,8,1250,1.0,0.0,3,3,5,3,10,106,551,0.101776
4,0.005,8,1250,1.0,0.0,3,3,5,3,10,106,552,0.0947478
4,0.005,8,1250,1.0,0.0,3,3,5,3,10,106,553,0.0640993
4,0.005,8,1250,1.0,0.0,3,3,5,3,10,106,554,0.0548549
4,0.005,8,1250,1.0,0.0,3,3,5,3,10,106,555,0.104856
4,0.005,8,1250,1.0,0.0,3,3,5,3,10,106,556,0.0972431
4,0.005,8,1250,1.0,0.0,3,3,5,3,10,106,557,0.0599662
4,0.005,8,1250,1.0,0.0,3,3,5,3,10,106,558,0.0542432
4,0.005,8,1250,1.0,0.0,3,3,5,3,10,106,559,0.107225
4,0.005,8,1250,1.0,0.0,3,3,5,3,10,106,560,0.103559
4,0.005,8,1250,1.0,0.0,3,3,5,3,10,106,561,0.0469384
4,0.005,8,1250,1.0,0.0,3,3,5,3,10,106,562,0.0584536
4,0.005,8,1250,1.0,0.0,3,3,5,3,10,106,563,0.116109
4,0.005,8,1250,1.0,0.0,3,3,5,3,10,106,564,0.0934778
4,0.005,8,1250,1.0,0.0,3,3,5,3,10,106,565,0.0741412
4,0.005,8,1250,1.0,0.0,3,3,5,3,10,106,566,0.0723299
4,0.005,8,1250,1.0,0.0,3,3,5,3,10,106,567,0.112154
4,0.005,8,1250,1.0,0.0,3,3,5,3,10,106,568,0.090458
4,0.005,8,1250,1.0,0.0,3,3,5,3,10,106,569,0.0348287
4,0.005,8,1250,1.0,0.0,3,3,5,3,10,106,570,0.159811
4,0.005,8,1250,1.0,0.0,3,3,5,3,10,106,571,0.115183
4,0.005,8,1250,1.0,0.0,3,3,5,3,10,106,572,0.127487
4,0.005,8,1250,1.0,0.0,3,3,5,3,10,106,573,0.141682
4,0.005,8,1250,1.0,0.0,3,3,5,3,10,106,574,0.064653
4,0.005,8,1250,1.0,0.0,3,3,5,3,10,106,575,0.210426
4,0.005,8,1250,1.0,0.0,3,3,5,3,10,106,576,0.152079
4,0.005,8,1250,1.0,0.0,3,3,5,3,10,106,577,0.193043
4,0.005,8,1250,1.0,0.0,3,3,5,3,10,106,578,0.194882
4,0.005,8,1250,1.0,0.0,3,3,5,3,10,106,579,0.126538
4,0.005,8,1250,1.0,0.0,3,3,5,3,10,106,580,0.122065
4,0.005,8,1250,1.0,0.0,3,3,5,3,10,106,581,0.166303
4,0.005,8,1250,1.0,0.0,3,3,5,3,10,106,582,0.129961
4,0.005,8,1250,1.0,0.0,3,3,5,3,10,106,583,0.186321
4,0.005,8,1250,1.0,0.0,3,3,5,3,10,106,584,0.163584
4,0.005,8,1250,1.0,0.0,3,3,5,3,10,106,585,0.158093
4,0.005,8,1250,1.0,0.0,3,3,5,3,10,106,586,0.152879
4,0.005,8,1250,1.0,0.0,3,3,5,3,10,106,587,0.134894
4,0.005,8,1250,1.0,0.0,3,3,5,3,10,106,588,0.113403
4,0.005,8,1250,1.0,0.0,3,3,5,3,10,106,589,0.179113
4,0.005,8,1250,1.0,0.0,3,3,5,3,10,106,590,0.155439
4,0.005,8,1250,1.0,0.0,3,3,5,3,10,106,591,0.155237
4,0.005,8,1250,1.0,0.0,3,3,5,3,10,106,592,0.140231
4,0.005,8,1250,1.0,0.0,3,3,5,3,10,106,593,0.157462
4,0.005,8,1250,1.0,0.0,3,3,5,3,10,106,594,0.147655
4,0.005,8,1250,1.0,0.0,3,3,5,3,10,106,595,0.132881
4,0.005,8,1250,1.0,0.0,3,3,5,3,10,106,596,0.11024
4,0.005,8,1250,1.0,0.0,3,3,5,3,10,106,597,0.180689
4,0.005,8,1250,1.0,0.0,3,3,5,3,10,106,598,0.164272
4,0.005,8,1250,1.0,0.0,3,3,5,3,10,106,599,0.126491
4,0.005,8,1250,1.0,0.0,3,3,5,3,10,106,600,0.114102
4,0.005,8,1250,1.0,0.0,3,3,5,3,10,106,-1,7.72105
4,0.005,8,1250,1.0,0.0,3,3,5,3,10,106,601,0.165329
4,0.005,8,1250,1.0,0.0,3,3,5,3,10,106,602,0.148479
4,0.005,8,1250,1.0,0.0,3,3,5,3,10,106,603,0.133466
4,0.005,8,1250,1.0,0.0,3,3,5,3,10,106,604,0.117276
4,0.005,8,1250,1.0,0.0,3,3,5,3,10,106,605,0.163805
4,0.005,8,1250,1.0,0.0,3,3,5,3,10,106,606,0.151549
4,0.005,8,1250,1.0,0.0,3,3,5,3,10,106,607,0.120691
4,0.005,8,1250,1.0,0.0,3,3,5,3,10,106,608,0.103382
4,0.005,8,1250,1.0,0.0,3,3,5,3,10,106,609,0.171242
4,0.005,8,1250,1.0,0.0,3,3,5,3,10,106,610,0.157463
4,0.005,8,1250,1.0,0.0,3,3,5,3,10,106,611,0.115214
4,0.005,8,1250,1.0,0.0,3,3,5,3,10,106,612,0.100518
4,0.005,8,1250,1.0,0.0,3,3,5,3,10,106,613,0.169314
4,0.005,8,1250,1.0,0.0,3,3,5,3,10,106,614,0.15612
4,0.005,8,1250,1.0,0.0,3,3,5,3,10,106,615,0.10896
4,0.005,8,1250,1.0,0.0,3,3,5,3,10,106,616,0.0929721
4,0.005,8,1250,1.0,0.0,3,3,5,3,10,106,617,0.17361
4,0.005,8,1250,1.0,0.0,3,3,5,3,10,106,618,0.161455
4,0.005,8,1250,1.0,0.0,3,3,5,3,10,106,619,0.100044
4,0.005,8,1250,1.0,0.0,3,3,5,3,10,106,620,0.0847763
4,0.005,8,1250,1.0,0.0,3,3,5,3,10,106,621,0.177107
4,0.005,8,1250,1.0,0.0,3,3,5,3,10,106,622,0.164848
4,0.005,8,1250,1.0,0.0,3,3,5,3,10,106,623,0.092701
4,0.005,8,1250,1.0,0.0,3,3,5,3,10,106,624,0.0775544
4,0.005,8,1250,1.0,0.0,3,3,5,3,10,106,625,0.179634
4,0.005,8,1250,1.0,0.0,3,3,5,3,10,106,626,0.1662
4,0.005,8,1250,1.0,0.0,3,3,5,3,10,106,627,0.0894023
4,0.005,8,1250,1.0,0.0,3,3,5,3,10,106,628,0.0758033
4,0.005,8,1250,1.0,0.0,3,3,5,3,10,106,629,0.177535
4,0.005,8,1250,1.0,0.0,3,3,5,3,10,106,630,0.164675
4,0.005,8,1250,1.0,0.0,3,3,5,3,10,106,631,0.0862211
4,0.005,8,1250,1.0,0.0,3,3,5,3,10,106,632,0.0716036
4,0.005,8,1250,1.0,0.0,3,3,5,3,10,106,633,0.179935
4,0.005,8,1250,1.0,0.0,3,3,5,3,10,106,634,0.168643
4,0.005,8,1250,1.0,0.0,3,3,5,3,10,106,635,0.077959
4,0.005,8,1250,1.0,0.0,3,3,5,3,10,106,636,0.0630781
4,0.005,8,1250,1.0,0.0,3,3,5,3,10,106,637,0.185308
4,0.005,8,1250,1.0,0.0,3,3,5,3,10,106,638,0.174186
4,0.005,8,1250,1.0,0.0,3,3,5,3,10,106,639,0.0691778
4,0.005,8,1250,1.0,0.0,3,3,5,3,10,106,640,0.0549565
4,0.005,8,1250,1.0,0.0,3,3,5,3,10,106,641,0.188885
4,0.005,8,1250,1.0,0.0,3,3,5,3,10,106,642,0.176714
4,0.005,8,1250,1.0,0.0,3,3,5,3,10,106,643,0.0652366
4,0.005,8,1250,1.0,0.0,3,3,5,3,10,106,644,0.0549471
4,0.005,8,1250,1.0,0.0,3,3,5,3,10,106,645,0.177936
4,0.005,8,1250,1.0,0.0,3,3,5,3,10,106,646,0.158555
4,0.005,8,1250,1.0,0.0,3,3,5,3,10,106,647,0.0881515
4,0.005,8,1250,1.0,0.0,3,3,5,3,10,106,648,0.0839701
4,0.005,8,1250,1.0,0.0,3,3,5,3,10,106,649,0.143816
4,0.005,8,1250,1.0,0.0,3,3,5,3,10,106,650,0.119884
4,0.005,8,1250,1.0,0.0,3,3,5,3,10,106,651,0.127828
4,0.005,8,1250,1.0,0.0,3,3,5,3,10,106,652,0.122747
4,0.005,8,1250,1.0,0.0,3,3,5,3,10,106,653,0.108418
4,0.005,8,1250,1.0,0.0,3,3,5,3,10,106,654,0.0920233
4,0.005,8,1250,1.0,0.0,3,3,5,3,10,106,655,0.145453
4,0.005,8,1250,1.0,0.0,3,3,5,3,10,106,656,0.134617
4,0.005,8,1250,1.0,0.0,3,3,5,3,10,106,657,0.0980829
4,0.005,8,1250,1.0,0.0,3,3,5,3,10,106,658,0.0859684
4,0.005,8,1250,1.0,0.0,3,3,5,3,10,106,659,0.14531
4,0.005,8,1250,1.0,0.0,3,3,5,3,10,106,660,0.131367
4,0.005,8,1250,1.0,0.0,3,3,5,3,10,106,661,0.10206
4,0.005,8,1250,1.0,0.0,3,3,5,3,10,106,662,0.0927547
4,0.005,8,1250,1.0,0.0,3,3,5,3,10,106,663,0.133901
4,0.005,8,1250,1.0,0.0,3,3,5,3,10,106,664,0.117346
4,0.005,8,1250,1.0,0.0,3,3,5,3,10,106,665,0.116137
4,0.005,8,1250,1.0,0.0,3,3,5,3,10,106,666,0.108921
4,0.005,8,1250,1.0,0.0,3,3,5,3,10,106,667,0.113927
4,0.005,8,1250,1.0,0.0,3,3,5,3,10,106,668,0.0968355
4,0.005,8,1250,1.0,0.0,3,3,5,3,10,106,669,0.134352
4,0.005,8,1250,1.0,0.0,3,3,5,3,10,106,670,0.127693
4,0.005,8,1250,1.0,0.0,3,3,5,3,10,106,671,0.0920086
4,0.005,8,1250,1.0,0.0,3,3,5,3,10,106,672,0.0749297
4,0.005,8,1250,1.0,0.0,3,3,5,3,10,106,673,0.153803
4,0.005,8,1250,1.0,0.0,3,3,5,3,10,106,674,0.147202
4,0.005,8,1250,1.0,0.0,3,3,5,3,10,106,675,0.0704377
4,0.005,8,1250,1.0,0.0,3,3,5,3,10,106,676,0.0548251
4,0.005,8,1250,1.0,0.0,3,3,5,3,10,106,677,0.168571
4,0.005,8,1250,1.0,0.0,3,3,5,3,10,106,678,0.159224
4,0.005,8,1250,1.0,0.0,3,3,5,3,10,106,679,0.0596537
4,0.005,8,1250,1.0,0.0,3,3,5,3,10,106,680,0.0529482
4,0.005,8,1250,1.0,0.0,3,3,5,3,10,106,681,0.151051
4,0.005,8,1250,1.0,0.0,3,3,5,3,10,106,682,0.126998
4,0.005,8,1250,1.0,0.0,3,3,5,3,10,106,683,0.102392
4,0.005,8,1250,1.0,0.0,3,3,5,3,10,106,684,0.100631
4,0.005,8,1250,1.0,0.0,3,3,5,3,10,106,685,0.109186
4,0.005,8,1250,1.0,0.0,3,3,5,3,10,106,686,0.0890787
4,0.005,8,1250,1.0,0.0,3,3,5,3,10,106,687,0.132852
4,0.005,8,1250,1.0,0.0,3,3,5,3,10,106,688,0.121698
4,0.005,8,1250,1.0,0.0,3,3,5,3,10,106,689,0.0973828
4,0.005,8,1250,1.0,0.0,3,3,5,3,10,106,690,0.0888298
4,0.005,8,1250,1.0,0.0,3,3,5,3,10,106,691,0.122532
4,0.005,8,1250,1.0,0.0,3,3,5,3,10,106,692,0.105879
4,0.005,8,1250,1.0,0.0,3,3,5,3,10,106,693,0.113937
4,0.005,8,1250,1.0,0.0,3,3,5,3,10,106,694,0.107869
4,0.005,8,1250,1.0,0.0,3,3,5,3,10,106,695,0.100264
4,0.005,8,1250,1.0,0.0,3,3,5,3,10,106,696,0.084339
4,0.005,8,1250,1.0,0.0,3,3,5,3,10,106,697,0.132179
4,0.005,8,1250,1.0,0.0,3,3,5,3,10,106,698,0.125434
4,0.005,8,1250,1.0,0.0,3,3,5,3,10,106,699,0.0816227
4,0.005,8,1250,1.0,0.0,3,3,5,3,10,106,700,0.0668211
4,0.005,8,1250,1.0,0.0,3,3,5,3,10,106,-1,7.68239
4,0.005,8,1250,1.0,0.0,3,3,5,3,10,106,701,0.145704
4,0.005,8,1250,1.0,0.0,3,3,5,3,10,106,702,0.136814
4,0.005,8,1250,1.0,0.0,3,3,5,3,10,106,703,0.0712385
4,0.005,8,1250,1.0,0.0,3,3,5,3,10,106,704,0.0610143
4,0.005,8,1250,1.0,0.0,3,3,5,3,10,106,705,0.142043
4,0.005,8,1250,1.0,0.0,3,3,5,3,10,106,706,0.125815
4,0.005,8,1250,1.0,0.0,3,3,5,3,10,106,707,0.087581
4,0.005,8,1250,1.0,0.0,3,3,5,3,10,106,708,0.0823935
4,0.005,8,1250,1.0,0.0,3,3,5,3,10,106,709,0.117219
4,0.005,8,1250,1.0,0.0,3,3,5,3,10,106,710,0.0985376
4,0.005,8,1250,1.0,0.0,3,3,5,3,10,106,711,0.114878
4,0.005,8,1250,1.0,0.0,3,3,5,3,10,106,712,0.108243
4,0.005,8,1250,1.0,0.0,3,3,5,3,10,106,713,0.0950761
4,0.005,8,1250,1.0,0.0,3,3,5,3,10,106,714,0.0825401
4,0.005,8,1250,1.0,0.0,3,3,5,3,10,106,715,0.122875
4,0.005,8,1250,1.0,0.0,3,3,5,3,10,106,716,0.110075
4,0.005,8,1250,1.0,0.0,3,3,5,3,10,106,717,0.0971689
4,0.005,8,1250,1.0,0.0,3,3,5,3,10,106,718,0.0895171
4,0.005,8,1250,1.0,0.0,3,3,5,3,10,106,719,0.110912
4,0.005,8,1250,1.0,0.0,3,3,5,3,10,106,720,0.0960661
4,0.005,8,1250,1.0,0.0,3,3,5,3,10,106,721,0.110839
4,0.005,8,1250,1.0,0.0,3,3,5,3,10,106,722,0.104433
4,0.005,8,1250,1.0,0.0,3,3,5,3,10,106,723,0.0933181
4,0.005,8,1250,1.0,0.0,3,3,5,3,10,106,724,0.0783008
4,0.005,8,1250,1.0,0.0,3,3,5,3,10,106,725,0.127058
4,0.005,8,1250,1.0,0.0,3,3,5,3,10,106,726,0.120919
4,0.005,8,1250,1.0,0.0,3,3,5,3,10,106,727,0.0749756
4,0.005,8,1250,1.0,0.0,3,3,5,3,10,106,728,0.0601803
4,0.005,8,1250,1.0,0.0,3,3,5,3,10,106,729,0.143115
4,0.005,8,1250,1.0,0.0,3,3,5,3,10,106,730,0.136554
4,0.005,8,1250,1.0,0.0,3,3,5,3,10,106,731,0.0585309
4,0.005,8,1250,1.0,0.0,3,3,5,3,10,106,732,0.0466943
4,0.005,8,1250,1.0,0.0,3,3,5,3,10,106,733,0.148812
4,0.005,8,1250,1.0,0.0,3,3,5,3,10,106,734,0.137144
4,0.005,8,1250,1.0,0.0,3,3,5,3,10,106,735,0.061508
4,0.005,8,1250,1.0,0.0,3,3,5,3,10,106,736,0.0590735
4,0.005,8,1250,1.0,0.0,3,3,5,3,10,106,737,0.120738
4,0.005,8,1250,1.0,0.0,3,3,5,3,10,106,738,0.096711
4,0.005,8,1250,1.0,0.0,3,3,5,3,10,106,739,0.108799
4,0.005,8,1250,1.0,0.0,3,3,5,3,10,106,740,0.10611
4,0.005,8,1250,1.0,0.0,3,3,5,3,10,106,741,0.0849937
4,0.005,8,1250,1.0,0.0,3,3,5,3,10,106,742,0.074181
4,0.005,8,1250,1.0,0.0,3,3,5,3,10,106,743,0.112488
4,0.005,8,1250,1.0,0.0,3,3,5,3,10,106,744,0.0919777
4,0.005,8,1250,1.0,0.0,3,3,5,3,10,106,745,0.111175
4,0.005,8,1250,1.0,0.0,3,3,5,3,10,106,746,0.107449
4,0.005,8,1250,1.0,0.0,3,3,5,3,10,106,747,0.0822073
4,0.005,8,1250,1.0,0.0,3,3,5,3,10,106,748,0.0729641
4,0.005,8,1250,1.0,0.0,3,3,5,3,10,106,749,0.110985
4,0.005,8,1250,1.0,0.0,3,3,5,3,10,106,750,0.089962
4,0.005,8,1250,1.0,0.0,3,3,5,3,10,106,751,0.1103
4,0.005,8,1250,1.0,0.0,3,3,5,3,10,106,752,0.104048
4,0.005,8,1250,1.0,0.0,3,3,5,3,10,106,753,0.0878003
4,0.005,8,1250,1.0,0.0,3,3,5,3,10,106,754,0.0784334
4,0.005,8,1250,1.0,0.0,3,3,5,3,10,106,755,0.107796
4,0.005,8,1250,1.0,0.0,3,3,5,3,10,106,756,0.0896796
4,0.005,8,1250,1.0,0.0,3,3,5,3,10,106,757,0.108905
4,0.005,8,1250,1.0,0.0,3,3,5,3,10,106,758,0.103422
4,0.005,8,1250,1.0,0.0,3,3,5,3,10,106,759,0.0846694
4,0.005,8,1250,1.0,0.0,3,3,5,3,10,106,760,0.0736568
4,0.005,8,1250,1.0,0.0,3,3,5,3,10,106,761,0.113929
4,0.005,8,1250,1.0,0.0,3,3,5,3,10,106,762,0.0993816
4,0.005,8,1250,1.0,0.0,3,3,5,3,10,106,763,0.0949806
4,0.005,8,1250,1.0,0.0,3,3,5,3,10,106,764,0.0883869
4,0.005,8,1250,1.0,0.0,3,3,5,3,10,106,765,0.0980914
4,0.005,8,1250,1.0,0.0,3,3,5,3,10,106,766,0.0849187
4,0.005,8,1250,1.0,0.0,3,3,5,3,10,106,767,0.106069
4,0.005,8,1250,1.0,0.0,3,3,5,3,10,106,768,0.0967698
4,0.005,8,1250,1.0,0.0,3,3,5,3,10,106,769,0.0917769
4,0.005,8,1250,1.0,0.0,3,3,5,3,10,106,770,0.082099
4,0.005,8,1250,1.0,0.0,3,3,5,3,10,106,771,0.104842
4,0.005,8,1250,1.0,0.0,3,3,5,3,10,106,772,0.0933508
4,0.005,8,1250,1.0,0.0,3,3,5,3,10,106,773,0.0957699
4,0.005,8,1250,1.0,0.0,3,3,5,3,10,106,774,0.0876563
4,0.005,8,1250,1.0,0.0,3,3,5,3,10,106,775,0.0972116
4,0.005,8,1250,1.0,0.0,3,3,5,3,10,106,776,0.0853843
4,0.005,8,1250,1.0,0.0,3,3,5,3,10,106,777,0.102689
4,0.005,8,1250,1.0,0.0,3,3,5,3,10,106,778,0.0947776
4,0.005,8,1250,1.0,0.0,3,3,5,3,10,106,779,0.0889231
4,0.005,8,1250,1.0,0.0,3,3,5,3,10,106,780,0.0773468
4,0.005,8,1250,1.0,0.0,3,3,5,3,10,106,781,0.109315
4,0.005,8,1250,1.0,0.0,3,3,5,3,10,106,782,0.101302
4,0.005,8,1250,1.0,0.0,3,3,5,3,10,106,783,0.0813953
4,0.005,8,1250,1.0,0.0,3,3,5,3,10,106,784,0.0700791
4,0.005,8,1250,1.0,0.0,3,3,5,3,10,106,785,0.115228
4,0.005,8,1250,1.0,0.0,3,3,5,3,10,106,786,0.10711
4,0.005,8,1250,1.0,0.0,3,3,5,3,10,106,787,0.0746155
4,0.005,8,1250,1.0,0.0,3,3,5,3,10,106,788,0.0635258
4,0.005,8,1250,1.0,0.0,3,3,5,3,10,106,789,0.120464
4,0.005,8,1250,1.0,0.0,3,3,5,3,10,106,790,0.112215
4,0.005,8,1250,1.0,0.0,3,3,5,3,10,106,791,0.0685982
4,0.005,8,1250,1.0,0.0,3,3,5,3,10,106,792,0.0578092
4,0.005,8,1250,1.0,0.0,3,3,5,3,10,106,793,0.124736
4,0.005,8,1250,1.0,0.0,3,3,5,3,10,106,794,0.116207
4,0.005,8,1250,1.0,0.0,3,3,5,3,10,106,795,0.0638678
4,0.005,8,1250,1.0,0.0,3,3,5,3,10,106,796,0.0535949
4,0.005,8,1250,1.0,0.0,3,3,5,3,10,106,797,0.127207
4,0.005,8,1250,1.0,0.0,3,3,5,3,10,106,798,0.118111
4,0.005,8,1250,1.0,0.0,3,3,5,3,10,106,799,0.0615024
4,0.005,8,1250,1.0,0.0,3,3,5,3,10,106,800,0.0521358
4,0.005,8,1250,1.0,0.0,3,3,5,3,10,106,-1,7.65322
4,0.005,8,1250,1.0,0.0,3,3,5,3,10,106,801,0.126355
4,0.005,8,1250,1.0,0.0,3,3,5,3,10,106,802,0.116203
4,0.005,8,1250,1.0,0.0,3,3,5,3,10,106,803,0.0633713
4,0.005,8,1250,1.0,0.0,3,3,5,3,10,106,804,0.0553613
4,0.005,8,1250,1.0,0.0,3,3,5,3,10,106,805,0.120359
4,0.005,8,1250,1.0,0.0,3,3,5,3,10,106,806,0.108758
4,0.005,8,1250,1.0,0.0,3,3,5,3,10,106,807,0.0710358
4,0.005,8,1250,1.0,0.0,3,3,5,3,10,106,808,0.0642524
4,0.005,8,1250,1.0,0.0,3,3,5,3,10,106,809,0.109397
4,0.005,8,1250,1.0,0.0,3,3,5,3,10,106,810,0.0969313
4,0.005,8,1250,1.0,0.0,3,3,5,3,10,106,811,0.0824658
4,0.005,8,1250,1.0,0.0,3,3,5,3,10,106,812,0.0758905
4,0.005,8,1250,1.0,0.0,3,3,5,3,10,106,813,0.0971991
4,0.005,8,1250,1.0,0.0,3,3,5,3,10,106,814,0.0852608
4,0.005,8,1250,1.0,0.0,3,3,5,3,10,106,815,0.0923713
4,0.005,8,1250,1.0,0.0,3,3,5,3,10,106,816,0.0847322
4,0.005,8,1250,1.0,0.0,3,3,5,3,10,106,817,0.0888743
4,0.005,8,1250,1.0,0.0,3,3,5,3,10,106,818,0.0785399
4,0.005,8,1250,1.0,0.0,3,3,5,3,10,106,819,0.0963011
4,0.005,8,1250,1.0,0.0,3,3,5,3,10,106,820,0.0868872
4,0.005,8,1250,1.0,0.0,3,3,5,3,10,106,821,0.0875001
4,0.005,8,1250,1.0,0.0,3,3,5,3,10,106,822,0.0788353
4,0.005,8,1250,1.0,0.0,3,3,5,3,10,106,823,0.0935142
4,0.005,8,1250,1.0,0.0,3,3,5,3,10,106,824,0.0828763
4,0.005,8,1250,1.0,0.0,3,3,5,3,10,106,825,0.0913833
4,0.005,8,1250,1.0,0.0,3,3,5,3,10,106,826,0.0833145
4,0.005,8,1250,1.0,0.0,3,3,5,3,10,106,827,0.0878979
4,0.005,8,1250,1.0,0.0,3,3,5,3,10,106,828,0.0774985
4,0.005,8,1250,1.0,0.0,3,3,5,3,10,106,829,0.0950658
4,0.005,8,1250,1.0,0.0,3,3,5,3,10,106,830,0.0862042
4,0.005,8,1250,1.0,0.0,3,3,5,3,10,106,831,0.084984
4,0.005,8,1250,1.0,0.0,3,3,5,3,10,106,832,0.0757652
4,0.005,8,1250,1.0,0.0,3,3,5,3,10,106,833,0.0944826
4,0.005,8,1250,1.0,0.0,3,3,5,3,10,106,834,0.0844891
4,0.005,8,1250,1.0,0.0,3,3,5,3,10,106,835,0.0865911
4,0.005,8,1250,1.0,0.0,3,3,5,3,10,106,836,0.0781025
4,0.005,8,1250,1.0,0.0,3,3,5,3,10,106,837,0.0907883
4,0.005,8,1250,1.0,0.0,3,3,5,3,10,106,838,0.0807255
4,0.005,8,1250,1.0,0.0,3,3,5,3,10,106,839,0.0890656
4,0.005,8,1250,1.0,0.0,3,3,5,3,10,106,840,0.0801709
4,0.005,8,1250,1.0,0.0,3,3,5,3,10,106,841,0.088381
4,0.005,8,1250,1.0,0.0,3,3,5,3,10,106,842,0.0791451
4,0.005,8,1250,1.0,0.0,3,3,5,3,10,106,843,0.0887187
4,0.005,8,1250,1.0,0.0,3,3,5,3,10,106,844,0.0790984
4,0.005,8,1250,1.0,0.0,3,3,5,3,10,106,845,0.0890274
4,0.005,8,1250,1.0,0.0,3,3,5,3,10,106,846,0.0803621
4,0.005,8,1250,1.0,0.0,3,3,5,3,10,106,847,0.086125
4,0.005,8,1250,1.0,0.0,3,3,5,3,10,106,848,0.0764909
4,0.005,8,1250,1.0,0.0,3,3,5,3,10,106,849,0.0903819
4,0.005,8,1250,1.0,0.0,3,3,5,3,10,106,850,0.0815399
4,0.005,8,1250,1.0,0.0,3,3,5,3,10,106,851,0.0842259
4,0.005,8,1250,1.0,0.0,3,3,5,3,10,106,852,0.0750985
4,0.005,8,1250,1.0,0.0,3,3,5,3,10,106,853,0.0902479
4,0.005,8,1250,1.0,0.0,3,3,5,3,10,106,854,0.0811085
4,0.005,8,1250,1.0,0.0,3,3,5,3,10,106,855,0.0838998
4,0.005,8,1250,1.0,0.0,3,3,5,3,10,106,856,0.0750508
4,0.005,8,1250,1.0,0.0,3,3,5,3,10,106,857,0.089243
4,0.005,8,1250,1.0,0.0,3,3,5,3,10,106,858,0.0802714
4,0.005,8,1250,1.0,0.0,3,3,5,3,10,106,859,0.0835979
4,0.005,8,1250,1.0,0.0,3,3,5,3,10,106,860,0.0746221
4,0.005,8,1250,1.0,0.0,3,3,5,3,10,106,861,0.0890236
4,0.005,8,1250,1.0,0.0,3,3,5,3,10,106,862,0.0805013
4,0.005,8,1250,1.0,0.0,3,3,5,3,10,106,863,0.0821203
4,0.005,8,1250,1.0,0.0,3,3,5,3,10,106,864,0.0729329
4,0.005,8,1250,1.0,0.0,3,3,5,3,10,106,865,0.090116
4,0.005,8,1250,1.0,0.0,3,3,5,3,10,106,866,0.0820131
4,0.005,8,1250,1.0,0.0,3,3,5,3,10,106,867,0.0794747
4,0.005,8,1250,1.0,0.0,3,3,5,3,10,106,868,0.0701423
4,0.005,8,1250,1.0,0.0,3,3,5,3,10,106,869,0.0922771
4,0.005,8,1250,1.0,0.0,3,3,5,3,10,106,870,0.0845219
4,0.005,8,1250,1.0,0.0,3,3,5,3,10,106,871,0.0758957
4,0.005,8,1250,1.0,0.0,3,3,5,3,10,106,872,0.066408
4,0.005,8,1250,1.0,0.0,3,3,5,3,10,106,873,0.0954397
4,0.005,8,1250,1.0,0.0,3,3,5,3,10,106,874,0.0880578
4,0.005,8,1250,1.0,0.0,3,3,5,3,10,106,875,0.0712411
4,0.005,8,1250,1.0,0.0,3,3,5,3,10,106,876,0.0614999
4,0.005,8,1250,1.0,0.0,3,3,5,3,10,106,877,0.0998732
4,0.005,8,1250,1.0,0.0,3,3,5,3,10,106,878,0.0929198
4,0.005,8,1250,1.0,0.0,3,3,5,3,10,106,879,0.0651976
4,0.005,8,1250,1.0,0.0,3,3,5,3,10,106,880,0.055149
4,0.005,8,1250,1.0,0.0,3,3,5,3,10,106,881,0.105723
4,0.005,8,1250,1.0,0.0,3,3,5,3,10,106,882,0.0991436
4,0.005,8,1250,1.0,0.0,3,3,5,3,10,106,883,0.0578507
4,0.005,8,1250,1.0,0.0,3,3,5,3,10,106,884,0.0476537
4,0.005,8,1250,1.0,0.0,3,3,5,3,10,106,885,0.112401
4,0.005,8,1250,1.0,0.0,3,3,5,3,10,106,886,0.105878
4,0.005,8,1250,1.0,0.0,3,3,5,3,10,106,887,0.050293
4,0.005,8,1250,1.0,0.0,3,3,5,3,10,106,888,0.040321
4,0.005,8,1250,1.0,0.0,3,3,5,3,10,106,889,0.118539
4,0.005,8,1250,1.0,0.0,3,3,5,3,10,106,890,0.111664
4,0.005,8,1250,1.0,0.0,3,3,5,3,10,106,891,0.0441131
4,0.005,8,1250,1.0,0.0,3,3,5,3,10,106,892,0.034693
4,0.005,8,1250,1.0,0.0,3,3,5,3,10,106,893,0.122706
4,0.005,8,1250,1.0,0.0,3,3,5,3,10,106,894,0.115253
4,0.005,8,1250,1.0,0.0,3,3,5,3,10,106,895,0.0403396
4,0.005,8,1250,1.0,0.0,3,3,5,3,10,106,896,0.0318036
4,0.005,8,1250,1.0,0.0,3,3,5,3,10,106,897,0.123497
4,0.005,8,1250,1.0,0.0,3,3,5,3,10,106,898,0.114866
4,0.005,8,1250,1.0,0.0,3,3,5,3,10,106,899,0.0413292
4,0.005,8,1250,1.0,0.0,3,3,5,3,10,106,900,0.0351968
4,0.005,8,1250,1.0,0.0,3,3,5,3,10,106,-1,7.74115
4,0.005,8,1250,1.0,0.0,3,3,5,3,10,106,901,0.114838
4,0.005,8,1250,1.0,0.0,3,3,5,3,10,106,902,0.101999
4,0.005,8,1250,1.0,0.0,3,3,5,3,10,106,903,0.0579
4,0.005,8,1250,1.0,0.0,3,3,5,3,10,106,904,0.054912
4,0.005,8,1250,1.0,0.0,3,3,5,3,10,106,905,0.0936502
4,0.005,8,1250,1.0,0.0,3,3,5,3,10,106,906,0.0788359
4,0.005,8,1250,1.0,0.0,3,3,5,3,10,106,907,0.0819547
4,0.005,8,1250,1.0,0.0,3,3,5,3,10,106,908,0.0785555
4,0.005,8,1250,1.0,0.0,3,3,5,3,10,106,909,0.0720502
4,0.005,8,1250,1.0,0.0,3,3,5,3,10,106,910,0.0610146
4,0.005,8,1250,1.0,0.0,3,3,5,3,10,106,911,0.0950579
4,0.005,8,1250,1.0,0.0,3,3,5,3,10,106,912,0.088463
4,0.005,8,1250,1.0,0.0,3,3,5,3,10,106,913,0.0641893
4,0.005,8,1250,1.0,0.0,3,3,5,3,10,106,914,0.0557427
4,0.005,8,1250,1.0,0.0,3,3,5,3,10,106,915,0.0972942
4,0.005,8,1250,1.0,0.0,3,3,5,3,10,106,916,0.0881619
4,0.005,8,1250,1.0,0.0,3,3,5,3,10,106,917,0.0665192
4,0.005,8,1250,1.0,0.0,3,3,5,3,10,106,918,0.0602796
4,0.005,8,1250,1.0,0.0,3,3,5,3,10,106,919,0.0904704
4,0.005,8,1250,1.0,0.0,3,3,5,3,10,106,920,0.0799205
4,0.005,8,1250,1.0,0.0,3,3,5,3,10,106,921,0.0751275
4,0.005,8,1250,1.0,0.0,3,3,5,3,10,106,922,0.0698779
4,0.005,8,1250,1.0,0.0,3,3,5,3,10,106,923,0.0793706
4,0.005,8,1250,1.0,0.0,3,3,5,3,10,106,924,0.0685229
4,0.005,8,1250,1.0,0.0,3,3,5,3,10,106,925,0.0859362
4,0.005,8,1250,1.0,0.0,3,3,5,3,10,106,926,0.0807826
4,0.005,8,1250,1.0,0.0,3,3,5,3,10,106,927,0.0678364
4,0.005,8,1250,1.0,0.0,3,3,5,3,10,106,928,0.0571124
4,0.005,8,1250,1.0,0.0,3,3,5,3,10,106,929,0.0964687
4,0.005,8,1250,1.0,0.0,3,3,5,3,10,106,930,0.0909784
4,0.005,8,1250,1.0,0.0,3,3,5,3,10,106,931,0.0574425
4,0.005,8,1250,1.0,0.0,3,3,5,3,10,106,932,0.0473944
4,0.005,8,1250,1.0,0.0,3,3,5,3,10,106,933,0.104769
4,0.005,8,1250,1.0,0.0,3,3,5,3,10,106,934,0.098656
4,0.005,8,1250,1.0,0.0,3,3,5,3,10,106,935,0.0496449
4,0.005,8,1250,1.0,0.0,3,3,5,3,10,106,936,0.0401782
4,0.005,8,1250,1.0,0.0,3,3,5,3,10,106,937,0.110817
4,0.005,8,1250,1.0,0.0,3,3,5,3,10,106,938,0.104312
4,0.005,8,1250,1.0,0.0,3,3,5,3,10,106,939,0.0437284
4,0.005,8,1250,1.0,0.0,3,3,5,3,10,106,940,0.0346651
4,0.005,8,1250,1.0,0.0,3,3,5,3,10,106,941,0.115254
4,0.005,8,1250,1.0,0.0,3,3,5,3,10,106,942,0.108364
4,0.005,8,1250,1.0,0.0,3,3,5,3,10,106,943,0.039474
4,0.005,8,1250,1.0,0.0,3,3,5,3,10,106,944,0.0309971
4,0.005,8,1250,1.0,0.0,3,3,5,3,10,106,945,0.117519
4,0.005,8,1250,1.0,0.0,3,3,5,3,10,106,946,0.109919
4,0.005,8,1250,1.0,0.0,3,3,5,3,10,106,947,0.0380862
4,0.005,8,1250,1.0,0.0,3,3,5,3,10,106,948,0.031155
4,0.005,8,1250,1.0,0.0,3,3,5,3,10,106,949,0.114124
4,0.005,8,1250,1.0,0.0,3,3,5,3,10,106,950,0.104039
4,0.005,8,1250,1.0,0.0,3,3,5,3,10,106,951,0.0462331
4,0.005,8,1250,1.0,0.0,3,3,5,3,10,106,952,0.0438767
4,0.005,8,1250,1.0,0.0,3,3,5,3,10,106,953,0.0940628
4,0.005,8,1250,1.0,0.0,3,3,5,3,10,106,954,0.0775241
4,0.005,8,1250,1.0,0.0,3,3,5,3,10,106,955,0.0776339
4,0.005,8,1250,1.0,0.0,3,3,5,3,10,106,956,0.0761349
4,0.005,8,1250,1.0,0.0,3,3,5,3,10,106,957,0.0662977
4,0.005,8,1250,1.0,0.0,3,3,5,3,10,106,958,0.0552561
4,0.005,8,1250,1.0,0.0,3,3,5,3,10,106,959,0.0917963
4,0.005,8,1250,1.0,0.0,3,3,5,3,10,106,960,0.0824644
4,0.005,8,1250,1.0,0.0,3,3,5,3,10,106,961,0.0667649
4,0.005,8,1250,1.0,0.0,3,3,5,3,10,106,962,0.0620113
4,0.005,8,1250,1.0,0.0,3,3,5,3,10,106,963,0.0806464
4,0.005,8,1250,1.0,0.0,3,3,5,3,10,106,964,0.0683006
4,0.005,8,1250,1.0,0.0,3,3,5,3,10,106,965,0.0822906
4,0.005,8,1250,1.0,0.0,3,3,5,3,10,106,966,0.0781645
4,0.005,8,1250,1.0,0.0,3,3,5,3,10,106,967,0.0648276
4,0.005,8,1250,1.0,0.0,3,3,5,3,10,106,968,0.0544696
4,0.005,8,1250,1.0,0.0,3,3,5,3,10,106,969,0.0929796
4,0.005,8,1250,1.0,0.0,3,3,5,3,10,106,970,0.0867635
4,0.005,8,1250,1.0,0.0,3,3,5,3,10,106,971,0.057374
4,0.005,8,1250,1.0,0.0,3,3,5,3,10,106,972,0.0489677
4,0.005,8,1250,1.0,0.0,3,3,5,3,10,106,973,0.096267
4,0.005,8,1250,1.0,0.0,3,3,5,3,10,106,974,0.0888379
4,0.005,8,1250,1.0,0.0,3,3,5,3,10,106,975,0.0557002
4,0.005,8,1250,1.0,0.0,3,3,5,3,10,106,976,0.0476988
4,0.005,8,1250,1.0,0.0,3,3,5,3,10,106,977,0.0971643
4,0.005,8,1250,1.0,0.0,3,3,5,3,10,106,978,0.0900935
4,0.005,8,1250,1.0,0.0,3,3,5,3,10,106,979,0.0535311
4,0.005,8,1250,1.0,0.0,3,3,5,3,10,106,980,0.0452754
4,0.005,8,1250,1.0,0.0,3,3,5,3,10,106,981,0.0993018
4,0.005,8,1250,1.0,0.0,3,3,5,3,10,106,982,0.0924703
4,0.005,8,1250,1.0,0.0,3,3,5,3,10,106,983,0.0504636
4,0.005,8,1250,1.0,0.0,3,3,5,3,10,106,984,0.0420659
4,0.005,8,1250,1.0,0.0,3,3,5,3,10,106,985,0.1021
4,0.005,8,1250,1.0,0.0,3,3,5,3,10,106,986,0.0954241
4,0.005,8,1250,1.0,0.0,3,3,5,3,10,106,987,0.046853
4,0.005,8,1250,1.0,0.0,3,3,5,3,10,106,988,0.0384494
4,0.005,8,1250,1.0,0.0,3,3,5,3,10,106,989,0.105109
4,0.005,8,1250,1.0,0.0,3,3,5,3,10,106,990,0.0983687
4,0.005,8,1250,1.0,0.0,3,3,5,3,10,106,991,0.0435231
4,0.005,8,1250,1.0,0.0,3,3,5,3,10,106,992,0.0356646
4,0.005,8,1250,1.0,0.0,3,3,5,3,10,106,993,0.106271
4,0.005,8,1250,1.0,0.0,3,3,5,3,10,106,994,0.0985035
4,0.005,8,1250,1.0,0.0,3,3,5,3,10,106,995,0.0440401
4,0.005,8,1250,1.0,0.0,3,3,5,3,10,106,996,0.0384201
4,0.005,8,1250,1.0,0.0,3,3,5,3,10,106,997,0.0995011
4,0.005,8,1250,1.0,0.0,3,3,5,3,10,106,998,0.0883941
4,0.005,8,1250,1.0,0.0,3,3,5,3,10,106,999,0.0568698
4,0.005,8,1250,1.0,0.0,3,3,5,3,10,106,1000,0.0534511
4,0.005,8,1250,1.0,0.0,3,3,5,3,10,106,-1,7.80626
4,0.005,8,1250,1.0,0.0,3,3,5,3,10,106,1001,0.0824986
4,0.005,8,1250,1.0,0.0,3,3,5,3,10,106,1002,0.0700307
4,0.005,8,1250,1.0,0.0,3,3,5,3,10,106,1003,0.0754129
4,0.005,8,1250,1.0,0.0,3,3,5,3,10,106,1004,0.0711383
4,0.005,8,1250,1.0,0.0,3,3,5,3,10,106,1005,0.0675032
4,0.005,8,1250,1.0,0.0,3,3,5,3,10,106,1006,0.0582193
4,0.005,8,1250,1.0,0.0,3,3,5,3,10,106,1007,0.0832275
4,0.005,8,1250,1.0,0.0,3,3,5,3,10,106,1008,0.0752011
4,0.005,8,1250,1.0,0.0,3,3,5,3,10,106,1009,0.0667494
4,0.005,8,1250,1.0,0.0,3,3,5,3,10,106,1010,0.0608283
4,0.005,8,1250,1.0,0.0,3,3,5,3,10,106,1011,0.0773884
4,0.005,8,1250,1.0,0.0,3,3,5,3,10,106,1012,0.0670063
4,0.005,8,1250,1.0,0.0,3,3,5,3,10,106,1013,0.0761104
4,0.005,8,1250,1.0,0.0,3,3,5,3,10,106,1014,0.0710343
4,0.005,8,1250,1.0,0.0,3,3,5,3,10,106,1015,0.0670361
4,0.005,8,1250,1.0,0.0,3,3,5,3,10,106,1016,0.057532
4,0.005,8,1250,1.0,0.0,3,3,5,3,10,106,1017,0.0838144
4,0.005,8,1250,1.0,0.0,3,3,5,3,10,106,1018,0.077402
4,0.005,8,1250,1.0,0.0,3,3,5,3,10,106,1019,0.0616399
4,0.005,8,1250,1.0,0.0,3,3,5,3,10,106,1020,0.0537734
4,0.005,8,1250,1.0,0.0,3,3,5,3,10,106,1021,0.0855451
4,0.005,8,1250,1.0,0.0,3,3,5,3,10,106,1022,0.0778864
4,0.005,8,1250,1.0,0.0,3,3,5,3,10,106,1023,0.0617276
4,0.005,8,1250,1.0,0.0,3,3,5,3,10,106,1024,0.0547015
4,0.005,8,1250,1.0,0.0,3,3,5,3,10,106,1025,0.0837531
4,0.005,8,1250,1.0,0.0,3,3,5,3,10,106,1026,0.0758586
4,0.005,8,1250,1.0,0.0,3,3,5,3,10,106,1027,0.063474
4,0.005,8,1250,1.0,0.0,3,3,5,3,10,106,1028,0.0564583
4,0.005,8,1250,1.0,0.0,3,3,5,3,10,106,1029,0.0818061
4,0.005,8,1250,1.0,0.0,3,3,5,3,10,106,1030,0.0742472
4,0.005,8,1250,1.0,0.0,3,3,5,3,10,106,1031,0.0643052
4,0.005,8,1250,1.0,0.0,3,3,5,3,10,106,1032,0.0569629
4,0.005,8,1250,1.0,0.0,3,3,5,3,10,106,1033,0.0812869
4,0.005,8,1250,1.0,0.0,3,3,5,3,10,106,1034,0.0741955
4,0.005,8,1250,1.0,0.0,3,3,5,3,10,106,1035,0.0634818
4,0.005,8,1250,1.0,0.0,3,3,5,3,10,106,1036,0.0557675
4,0.005,8,1250,1.0,0.0,3,3,5,3,10,106,1037,0.0824401
4,0.005,8,1250,1.0,0.0,3,3,5,3,10,106,1038,0.0757929
4,0.005,8,1250,1.0,0.0,3,3,5,3,10,106,1039,0.0610373
4,0.005,8,1250,1.0,0.0,3,3,5,3,10,106,1040,0.0530156
4,0.005,8,1250,1.0,0.0,3,3,5,3,10,106,1041,0.0850328
4,0.005,8,1250,1.0,0.0,3,3,5,3,10,106,1042,0.078712
4,0.005,8,1250,1.0,0.0,3,3,5,3,10,106,1043,0.0573765
4,0.005,8,1250,1.0,0.0,3,3,5,3,10,106,1044,0.0491453
4,0.005,8,1250,1.0,0.0,3,3,5,3,10,106,1045,0.0886344
4,0.005,8,1250,1.0,0.0,3,3,5,3,10,106,1046,0.0825281
4,0.005,8,1250,1.0,0.0,3,3,5,3,10,106,1047,0.0529216
4,0.005,8,1250,1.0,0.0,3,3,5,3,10,106,1048,0.0445939
4,0.005,8,1250,1.0,0.0,3,3,5,3,10,106,1049,0.0927889
4,0.005,8,1250,1.0,0.0,3,3,5,3,10,106,1050,0.0867725
4,0.005,8,1250,1.0,0.0,3,3,5,3,10,106,1051,0.0481558
4,0.005,8,1250,1.0,0.0,3,3,5,3,10,106,1052,0.039837
4,0.005,8,1250,1.0,0.0,3,3,5,3,10,106,1053,0.0970502
4,0.005,8,1250,1.0,0.0,3,3,5,3,10,106,1054,0.0910322
4,0.005,8,1250,1.0,0.0,3,3,5,3,10,106,1055,0.0434634
4,0.005,8,1250,1.0,0.0,3,3,5,3,10,106,1056,0.03526
4,0.005,8,1250,1.0,0.0,3,3,5,3,10,106,1057,0.100978
4,0.005,8,1250,1.0,0.0,3,3,5,3,10,106,1058,0.0948029
4,0.005,8,1250,1.0,0.0,3,3,5,3,10,106,1059,0.0394151
4,0.005,8,1250,1.0,0.0,3,3,5,3,10,106,1060,0.0315697
4,0.005,8,1250,1.0,0.0,3,3,5,3,10,106,1061,0.103722
4,0.005,8,1250,1.0,0.0,3,3,5,3,10,106,1062,0.0970755
4,0.005,8,1250,1.0,0.0,3,3,5,3,10,106,1063,0.0372922
4,0.005,8,1250,1.0,0.0,3,3,5,3,10,106,1064,0.0317234
4,0.005,8,1250,1.0,0.0,3,3,5,3,10,106,1065,0.101185
4,0.005,8,1250,1.0,0.0,3,3,5,3,10,106,1066,0.0905648
4,0.005,8,1250,1.0,0.0,3,3,5,3,10,106,1067,0.0497826
4,0.005,8,1250,1.0,0.0,3,3,5,3,10,106,1068,0.056644
4,0.005,8,1250,1.0,0.0,3,3,5,3,10,106,1069,0.058448
4,0.005,8,1250,1.0,0.0,3,3,5,3,10,106,1070,0.0338866
4,0.005,8,1250,1.0,0.0,3,3,5,3,10,106,1071,0.119763
4,0.005,8,1250,1.0,0.0,3,3,5,3,10,106,1072,0.122808
4,0.005,8,1250,1.0,0.0,3,3,5,3,10,106,1073,0.0288411
4,0.005,8,1250,1.0,0.0,3,3,5,3,10,106,1074,0.136692
4,0.005,8,1250,1.0,0.0,3,3,5,3,10,106,1075,0.136193
4,0.005,8,1250,1.0,0.0,3,3,5,3,10,106,1076,0.0284294
4,0.005,8,1250,1.0,0.0,3,3,5,3,10,106,1077,0.13684
4,0.005,8,1250,1.0,0.0,3,3,5,3,10,106,1078,0.150916
4,0.005,8,1250,1.0,0.0,3,3,5,3,10,106,1079,0.0447565
4,0.005,8,1250,1.0,0.0,3,3,5,3,10,106,1080,0.166609
4,0.005,8,1250,1.0,0.0,3,3,5,3,10,106,1081,0.228189
4,0.005,8,1250,1.0,0.0,3,3,5,3,10,106,1082,0.166408
4,0.005,8,1250,1.0,0.0,3,3,5,3,10,106,1083,0.0525236
4,0.005,8,1250,1.0,0.0,3,3,5,3,10,106,1084,0.147127
4,0.005,8,1250,1.0,0.0,3,3,5,3,10,106,1085,0.180004
4,0.005,8,1250,1.0,0.0,3,3,5,3,10,106,1086,0.110855
4,0.005,8,1250,1.0,0.0,3,3,5,3,10,106,1087,0.0858847
4,0.005,8,1250,1.0,0.0,3,3,5,3,10,106,1088,0.122949
4,0.005,8,1250,1.0,0.0,3,3,5,3,10,106,1089,0.104695
4,0.005,8,1250,1.0,0.0,3,3,5,3,10,106,1090,0.0667595
4,0.005,8,1250,1.0,0.0,3,3,5,3,10,106,1091,0.0993961
4,0.005,8,1250,1.0,0.0,3,3,5,3,10,106,1092,0.104206
4,0.005,8,1250,1.0,0.0,3,3,5,3,10,106,1093,0.0504798
4,0.005,8,1250,1.0,0.0,3,3,5,3,10,106,1094,0.0991329
4,0.005,8,1250,1.0,0.0,3,3,5,3,10,106,1095,0.110991
4,0.005,8,1250,1.0,0.0,3,3,5,3,10,106,1096,0.0263551
4,0.005,8,1250,1.0,0.0,3,3,5,3,10,106,1097,0.145542
4,0.005,8,1250,1.0,0.0,3,3,5,3,10,106,1098,0.178533
4,0.005,8,1250,1.0,0.0,3,3,5,3,10,106,1099,0.0923481
4,0.005,8,1250,1.0,0.0,3,3,5,3,10,106,1100,0.094007
4,0.005,8,1250,1.0,0.0,3,3,5,3,10,106,-1,7.79819
4,0.005,8,1250,1.0,0.0,3,3,5,3,10,106,1101,0.146712
4,0.005,8,1250,1.0,0.0,3,3,5,3,10,106,1102,0.102609
4,0.005,8,1250,1.0,0.0,3,3,5,3,10,106,1103,0.0577789
4,0.005,8,1250,1.0,0.0,3,3,5,3,10,106,1104,0.0922898
4,0.005,8,1250,1.0,0.0,3,3,5,3,10,106,1105,0.0663363
4,0.005,8,1250,1.0,0.0,3,3,5,3,10,106,1106,0.0641203
4,0.005,8,1250,1.0,0.0,3,3,5,3,10,106,1107,0.0765221
4,0.005,8,1250,1.0,0.0,3,3,5,3,10,106,1108,0.0482068
4,0.005,8,1250,1.0,0.0,3,3,5,3,10,106,1109,0.0762312
4,0.005,8,1250,1.0,0.0,3,3,5,3,10,106,1110,0.0783927
4,0.005,8,1250,1.0,0.0,3,3,5,3,10,106,1111,0.0346993
4,0.005,8,1250,1.0,0.0,3,3,5,3,10,106,1112,0.0946297
4,0.005,8,1250,1.0,0.0,3,3,5,3,10,106,1113,0.0608497
4,0.005,8,1250,1.0,0.0,3,3,5,3,10,106,1114,0.103498
4,0.005,8,1250,1.0,0.0,3,3,5,3,10,106,1115,0.10595
4,0.005,8,1250,1.0,0.0,3,3,5,3,10,106,1116,0.0708741
4,0.005,8,1250,1.0,0.0,3,3,5,3,10,106,1117,0.0691158
4,0.005,8,1250,1.0,0.0,3,3,5,3,10,106,1118,0.0898662
4,0.005,8,1250,1.0,0.0,3,3,5,3,10,106,1119,0.0448319
4,0.005,8,1250,1.0,0.0,3,3,5,3,10,106,1120,0.123314
4,0.005,8,1250,1.0,0.0,3,3,5,3,10,106,1121,0.118727
4,0.005,8,1250,1.0,0.0,3,3,5,3,10,106,1122,0.0630725
4,0.005,8,1250,1.0,0.0,3,3,5,3,10,106,1123,0.0727374
4,0.005,8,1250,1.0,0.0,3,3,5,3,10,106,1124,0.0863832
4,0.005,8,1250,1.0,0.0,3,3,5,3,10,106,1125,0.0596619
4,0.005,8,1250,1.0,0.0,3,3,5,3,10,106,1126,0.108244
4,0.005,8,1250,1.0,0.0,3,3,5,3,10,106,1127,0.109408
4,0.005,8,1250,1.0,0.0,3,3,5,3,10,106,1128,0.060953
4,0.005,8,1250,1.0,0.0,3,3,5,3,10,106,1129,0.062408
4,0.005,8,1250,1.0,0.0,3,3,5,3,10,106,1130,0.0899453
4,0.005,8,1250,1.0,0.0,3,3,5,3,10,106,1131,0.0452457
4,0.005,8,1250,1.0,0.0,3,3,5,3,10,106,1132,0.144132
4,0.005,8,1250,1.0,0.0,3,3,5,3,10,106,1133,0.16226
4,0.005,8,1250,1.0,0.0,3,3,5,3,10,106,1134,0.0513294
4,0.005,8,1250,1.0,0.0,3,3,5,3,10,106,1135,0.164933
4,0.005,8,1250,1.0,0.0,3,3,5,3,10,106,1136,0.192609
4,0.005,8,1250,1.0,0.0,3,3,5,3,10,106,1137,0.10789
4,0.005,8,1250,1.0,0.0,3,3,5,3,10,106,1138,0.135241
4,0.005,8,1250,1.0,0.0,3,3,5,3,10,106,1139,0.138287
4,0.005,8,1250,1.0,0.0,3,3,5,3,10,106,1140,0.109886
4,0.005,8,1250,1.0,0.0,3,3,5,3,10,106,1141,0.133922
4,0.005,8,1250,1.0,0.0,3,3,5,3,10,106,1142,0.06954
4,0.005,8,1250,1.0,0.0,3,3,5,3,10,106,1143,0.146183
4,0.005,8,1250,1.0,0.0,3,3,5,3,10,106,1144,0.182642
4,0.005,8,1250,1.0,0.0,3,3,5,3,10,106,1145,0.0750751
4,0.005,8,1250,1.0,0.0,3,3,5,3,10,106,1146,0.164504
4,0.005,8,1250,1.0,0.0,3,3,5,3,10,106,1147,0.225136
4,0.005,8,1250,1.0,0.0,3,3,5,3,10,106,1148,0.144527
4,0.005,8,1250,1.0,0.0,3,3,5,3,10,106,1149,0.110066
4,0.005,8,1250,1.0,0.0,3,3,5,3,10,106,1150,0.150872
4,0.005,8,1250,1.0,0.0,3,3,5,3,10,106,1151,0.0944551
4,0.005,8,1250,1.0,0.0,3,3,5,3,10,106,1152,0.133852
4,0.005,8,1250,1.0,0.0,3,3,5,3,10,106,1153,0.133294
4,0.005,8,1250,1.0,0.0,3,3,5,3,10,106,1154,0.0551259
4,0.005,8,1250,1.0,0.0,3,3,5,3,10,106,1155,0.115772
4,0.005,8,1250,1.0,0.0,3,3,5,3,10,106,1156,0.0807539
4,0.005,8,1250,1.0,0.0,3,3,5,3,10,106,1157,0.0995671
4,0.005,8,1250,1.0,0.0,3,3,5,3,10,106,1158,0.107442
4,0.005,8,1250,1.0,0.0,3,3,5,3,10,106,1159,0.0520123
4,0.005,8,1250,1.0,0.0,3,3,5,3,10,106,1160,0.0815748
4,0.005,8,1250,1.0,0.0,3,3,5,3,10,106,1161,0.0662931
4,0.005,8,1250,1.0,0.0,3,3,5,3,10,106,1162,0.0666604
4,0.005,8,1250,1.0,0.0,3,3,5,3,10,106,1163,0.0650107
4,0.005,8,1250,1.0,0.0,3,3,5,3,10,106,1164,0.0600744
4,0.005,8,1250,1.0,0.0,3,3,5,3,10,106,1165,0.048394
4,0.005,8,1250,1.0,0.0,3,3,5,3,10,106,1166,0.0851557
4,0.005,8,1250,1.0,0.0,3,3,5,3,10,106,1167,0.0697797
4,0.005,8,1250,1.0,0.0,3,3,5,3,10,106,1168,0.0760195
4,0.005,8,1250,1.0,0.0,3,3,5,3,10,106,1169,0.0750052
4,0.005,8,1250,1.0,0.0,3,3,5,3,10,106,1170,0.0581124
4,0.005,8,1250,1.0,0.0,3,3,5,3,10,106,1171,0.0534401
4,0.005,8,1250,1.0,0.0,3,3,5,3,10,106,1172,0.0677793
4,0.005,8,1250,1.0,0.0,3,3,5,3,10,106,1173,0.0524567
4,0.005,8,1250,1.0,0.0,3,3,5,3,10,106,1174,0.0774914
4,0.005,8,1250,1.0,0.0,3,3,5,3,10,106,1175,0.0683935
4,0.005,8,1250,1.0,0.0,3,3,5,3,10,106,1176,0.0636476
4,0.005,8,1250,1.0,0.0,3,3,5,3,10,106,1177,0.0599016
4,0.005,8,1250,1.0,0.0,3,3,5,3,10,106,1178,0.0647756
4,0.005,8,1250,1.0,0.0,3,3,5,3,10,106,1179,0.0543013
4,0.005,8,1250,1.0,0.0,3,3,5,3,10,106,1180,0.0776353
4,0.005,8,1250,1.0,0.0,3,3,5,3,10,106,1181,0.072004
4,0.005,8,1250,1.0,0.0,3,3,5,3,10,106,1182,0.0570055
4,0.005,8,1250,1.0,0.0,3,3,5,3,10,106,1183,0.0491601
4,0.005,8,1250,1.0,0.0,3,3,5,3,10,106,1184,0.0813589
4,0.005,8,1250,1.0,0.0,3,3,5,3,10,106,1185,0.0747173
4,0.005,8,1250,1.0,0.0,3,3,5,3,10,106,1186,0.0550327
4,0.005,8,1250,1.0,0.0,3,3,5,3,10,106,1187,0.0497703
4,0.005,8,1250,1.0,0.0,3,3,5,3,10,106,1188,0.0755188
4,0.005,8,1250,1.0,0.0,3,3,5,3,10,106,1189,0.0655189
4,0.005,8,1250,1.0,0.0,3,3,5,3,10,106,1190,0.0657024
4,0.005,8,1250,1.0,0.0,3,3,5,3,10,106,1191,0.0618286
4,0.005,8,1250,1.0,0.0,3,3,5,3,10,106,1192,0.0632671
4,0.005,8,1250,1.0,0.0,3,3,5,3,10,106,1193,0.0537351
4,0.005,8,1250,1.0,0.0,3,3,5,3,10,106,1194,0.0766842
4,0.005,8,1250,1.0,0.0,3,3,5,3,10,106,1195,0.0721713
4,0.005,8,1250,1.0,0.0,3,3,5,3,10,106,1196,0.0534402
4,0.005,8,1250,1.0,0.0,3,3,5,3,10,106,1197,0.0449022
4,0.005,8,1250,1.0,0.0,3,3,5,3,10,106,1198,0.0838881
4,0.005,8,1250,1.0,0.0,3,3,5,3,10,106,1199,0.0786163
4,0.005,8,1250,1.0,0.0,3,3,5,3,10,106,1200,0.0471906
4,0.005,8,1250,1.0,0.0,3,3,5,3,10,106,-1,7.82849
4,0.005,8,1250,1.0,0.0,3,3,5,3,10,106,1201,0.0398644
4,0.005,8,1250,1.0,0.0,3,3,5,3,10,106,1202,0.0866957
4,0.005,8,1250,1.0,0.0,3,3,5,3,10,106,1203,0.0797075
4,0.005,8,1250,1.0,0.0,3,3,5,3,10,106,1204,0.0472237
4,0.005,8,1250,1.0,0.0,3,3,5,3,10,106,1205,0.0409997
4,0.005,8,1250,1.0,0.0,3,3,5,3,10,106,1206,0.0846601
4,0.005,8,1250,1.0,0.0,3,3,5,3,10,106,1207,0.0775212
4,0.005,8,1250,1.0,0.0,3,3,5,3,10,106,1208,0.0488776
4,0.005,8,1250,1.0,0.0,3,3,5,3,10,106,1209,0.0427783
4,0.005,8,1250,1.0,0.0,3,3,5,3,10,106,1210,0.0823304
4,0.005,8,1250,1.0,0.0,3,3,5,3,10,106,1211,0.0752221
4,0.005,8,1250,1.0,0.0,3,3,5,3,10,106,1212,0.0506768
4,0.005,8,1250,1.0,0.0,3,3,5,3,10,106,1213,0.0443903
4,0.005,8,1250,1.0,0.0,3,3,5,3,10,106,1214,0.0805297
4,0.005,8,1250,1.0,0.0,3,3,5,3,10,106,1215,0.0737123
4,0.005,8,1250,1.0,0.0,3,3,5,3,10,106,1216,0.0514658
4,0.005,8,1250,1.0,0.0,3,3,5,3,10,106,1217,0.0450549
4,0.005,8,1250,1.0,0.0,3,3,5,3,10,106,1218,0.0794403
4,0.005,8,1250,1.0,0.0,3,3,5,3,10,106,1219,0.0726969
4,0.005,8,1250,1.0,0.0,3,3,5,3,10,106,1220,0.0519534
4,0.005,8,1250,1.0,0.0,3,3,5,3,10,106,1221,0.0454859
4,0.005,8,1250,1.0,0.0,3,3,5,3,10,106,1222,0.0786911
4,0.005,8,1250,1.0,0.0,3,3,5,3,10,106,1223,0.0721145
4,0.005,8,1250,1.0,0.0,3,3,5,3,10,106,1224,0.0519326
4,0.005,8,1250,1.0,0.0,3,3,5,3,10,106,1225,0.0453908
4,0.005,8,1250,1.0,0.0,3,3,5,3,10,106,1226,0.0784016
4,0.005,8,1250,1.0,0.0,3,3,5,3,10,106,1227,0.0719558
4,0.005,8,1250,1.0,0.0,3,3,5,3,10,106,1228,0.0515001
4,0.005,8,1250,1.0,0.0,3,3,5,3,10,106,1229,0.0448555
4,0.005,8,1250,1.0,0.0,3,3,5,3,10,106,1230,0.0786044
4,0.005,8,1250,1.0,0.0,3,3,5,3,10,106,1231,0.0723106
4,0.005,8,1250,1.0,0.0,3,3,5,3,10,106,1232,0.0505755
4,0.005,8,1250,1.0,0.0,3,3,5,3,10,106,1233,0.0438735
4,0.005,8,1250,1.0,0.0,3,3,5,3,10,106,1234,0.0791425
4,0.005,8,1250,1.0,0.0,3,3,5,3,10,106,1235,0.0728765
4,0.005,8,1250,1.0,0.0,3,3,5,3,10,106,1236,0.0495669
4,0.005,8,1250,1.0,0.0,3,3,5,3,10,106,1237,0.0429653
4,0.005,8,1250,1.0,0.0,3,3,5,3,10,106,1238,0.0794495
4,0.005,8,1250,1.0,0.0,3,3,5,3,10,106,1239,0.0730731
4,0.005,8,1250,1.0,0.0,3,3,5,3,10,106,1240,0.0490378
4,0.005,8,1250,1.0,0.0,3,3,5,3,10,106,1241,0.0427432
4,0.005,8,1250,1.0,0.0,3,3,5,3,10,106,1242,0.0787773
4,0.005,8,1250,1.0,0.0,3,3,5,3,10,106,1243,0.0720368
4,0.005,8,1250,1.0,0.0,3,3,5,3,10,106,1244,0.0499534
4,0.005,8,1250,1.0,0.0,3,3,5,3,10,106,1245,0.0439942
4,0.005,8,1250,1.0,0.0,3,3,5,3,10,106,1246,0.0766568
4,0.005,8,1250,1.0,0.0,3,3,5,3,10,106,1247,0.0695832
4,0.005,8,1250,1.0,0.0,3,3,5,3,10,106,1248,0.0521996
4,0.005,8,1250,1.0,0.0,3,3,5,3,10,106,1249,0.046333
4,0.005,8,1250,1.0,0.0,3,3,5,3,10,106,0,16.5605
4,0.005,8,1250,1.0,0.0,3,3,5,3,10,106,1,16.0435
4,0.005,8,1250,1.0,0.0,3,3,5,3,10,106,2,16.0137
4,0.005,8,1250,1.0,0.0,3,3,5,3,10,106,3,15.8311
4,0.005,8,1250,1.0,0.0,3,3,5,3,10,106,4,15.7468
4,0.005,8,1250,1.0,0.0,3,3,5,3,10,106,5,16.328
4,0.005,8,1250,1.0,0.0,3,3,5,3,10,106,6,16.4037
4,0.005,8,1250,1.0,0.0,3,3,5,3,10,106,7,17.0218
4,0.005,8,1250,1.0,0.0,3,3,5,3,10,106,8,17.091
4,0.005,8,1250,1.0,0.0,3,3,5,3,10,106,9,16.5484
4,0.005,8,1250,1.0,0.0,3,3,5,3,10,106,10,16.5028
4,0.005,8,1250,1.0,0.0,3,3,5,3,10,106,11,16.3857
4,0.005,8,1250,1.0,0.0,3,3,5,3,10,106,12,16.0341
4,0.005,8,1250,1.0,0.0,3,3,5,3,10,106,13,15.6076
4,0.005,8,1250,1.0,0.0,3,3,5,3,10,106,14,15.1324
4,0.005,8,1250,1.0,0.0,3,3,5,3,10,106,15,14.258
4,0.005,8,1250,1.0,0.0,3,3,5,3,10,106,16,13.8592
4,0.005,8,1250,1.0,0.0,3,3,5,3,10,106,17,13.0649
4,0.005,8,1250,1.0,0.0,3,3,5,3,10,106,18,12.1063
4,0.005,8,1250,1.0,0.0,3,3,5,3,10,106,19,11.7693
4,0.005,8,1250,1.0,0.0,3,3,5,3,10,106,20,10.1025
4,0.005,8,1250,1.0,0.0,3,3,5,3,10,106,21,9.95019
4,0.005,8,1250,1.0,0.0,3,3,5,3,10,106,22,10.2195
4,0.005,8,1250,1.0,0.0,3,3,5,3,10,106,23,13.8267
4,0.005,8,1250,1.0,0.0,3,3,5,3,10,106,24,11.5037
4,0.005,8,1250,1.0,0.0,3,3,5,3,10,106,25,10.9462
4,0.005,8,1250,1.0,0.0,3,3,5,3,10,106,26,9.86684
4,0.005,8,1250,1.0,0.0,3,3,5,3,10,106,27,8.64169
4,0.005,8,1250,1.0,0.0,3,3,5,3,10,106,28,9.27647
4,0.005,8,1250,1.0,0.0,3,3,5,3,10,106,29,8.08608
4,0.005,8,1250,1.0,0.0,3,3,5,3,10,106,30,7.97541
4,0.005,8,1250,1.0,0.0,3,3,5,3,10,106,31,8.96508
4,0.005,8,1250,1.0,0.0,3,3,5,3,10,106,32,8.62845
4,0.005,8,1250,1.0,0.0,3,3,5,3,10,106,33,7.92746
4,0.005,8,1250,1.0,0.0,3,3,5,3,10,106,34,7.61616
4,0.005,8,1250,1.0,0.0,3,3,5,3,10,106,35,7.01424
4,0.005,8,1250,1.0,0.0,3,3,5,3,10,106,36,6.49317
4,0.005,8,1250,1.0,0.0,3,3,5,3,10,106,37,6.50927
4,0.005,8,1250,1.0,0.0,3,3,5,3,10,106,38,6.3148
4,0.005,8,1250,1.0,0.0,3,3,5,3,10,106,39,6.82296
4,0.005,8,1250,1.0,0.0,3,3,5,3,10,106,40,6.1412
4,0.005,8,1250,1.0,0.0,3,3,5,3,10,106,41,5.18959
4,0.005,8,1250,1.0,0.0,3,3,5,3,10,106,42,5.13188
4,0.005,8,1250,1.0,0.0,3,3,5,3,10,106,43,5.94016
4,0.005,8,1250,1.0,0.0,3,3,5,3,10,106,44,5.60661
4,0.005,8,1250,1.0,0.0,3,3,5,3,10,106,45,5.25838
4,0.005,8,1250,1.0,0.0,3,3,5,3,10,106,46,5.04857
4,0.005,8,1250,1.0,0.0,3,3,5,3,10,106,47,4.5756
4,0.005,8,1250,1.0,0.0,3,3,5,3,10,106,48,4.37159
4,0.005,8,1250,1.0,0.0,3,3,5,3,10,106,49,5.87504
4,0.005,8,1250,1.0,0.0,3,3,5,3,10,106,50,7.63252
4,0.005,8,1250,1.0,0.0,3,3,5,3,10,106,51,6.50726
4,0.005,8,1250,1.0,0.0,3,3,5,3,10,106,52,5.05442
4,0.005,8,1250,1.0,0.0,3,3,5,3,10,106,53,7.11136
4,0.005,8,1250,1.0,0.0,3,3,5,3,10,106,54,14.2707
4,0.005,8,1250,1.0,0.0,3,3,5,3,10,106,55,16.3972
4,0.005,8,1250,1.0,0.0,3,3,5,3,10,106,56,17.223
4,0.005,8,1250,1.0,0.0,3,3,5,3,10,106,57,16.4001
4,0.005,8,1250,1.0,0.0,3,3,5,3,10,106,58,16.8355
4,0.005,8,1250,1.0,0.0,3,3,5,3,10,106,59,16.7687
4,0.005,8,1250,1.0,0.0,3,3,5,3,10,106,60,14.2101
4,0.005,8,1250,1.0,0.0,3,3,5,3,10,106,61,14.9999
4,0.005,8,1250,1.0,0.0,3,3,5,3,10,106,62,14.7395
4,0.005,8,1250,1.0,0.0,3,3,5,3,10,106,63,15.0653
4,0.005,8,1250,1.0,0.0,3,3,5,3,10,106,64,15.251
4,0.005,8,1250,1.0,0.0,3,3,5,3,10,106,65,15.5685
4,0.005,8,1250,1.0,0.0,3,3,5,3,10,106,66,15.4217
4,0.005,8,1250,1.0,0.0,3,3,5,3,10,106,67,15.3402
4,0.005,8,1250,1.0,0.0,3,3,5,3,10,106,68,15.3579
4,0.005,8,1250,1.0,0.0,3,3,5,3,10,106,69,15.0361
4,0.005,8,1250,1.0,0.0,3,3,5,3,10,106,70,14.76
4,0.005,8,1250,1.0,0.0,3,3,5,3,10,106,71,14.3967
4,0.005,8,1250,1.0,0.0,3,3,5,3,10,106,72,14.0279
4,0.005,8,1250,1.0,0.0,3,3,5,3,10,106,73,13.7776
4,0.005,8,1250,1.0,0.0,3,3,5,3,10,106,74,13.4415
4,0.005,8,1250,1.0,0.0,3,3,5,3,10,106,75,13.3112
4,0.005,8,1250,1.0,0.0,3,3,5,3,10,106,76,14.2758
4,0.005,8,1250,1.0,0.0,3,3,5,3,10,106,77,13.883
4,0.005,8,1250,1.0,0.0,3,3,5,3,10,106,78,13.4581
4,0.005,8,1250,1.0,0.0,3,3,5,3,10,106,79,13.3108
4,0.005,8,1250,1.0,0.0,3,3,5,3,10,106,80,15.893
4,0.005,8,1250,1.0,0.0,3,3,5,3,10,106,81,14.1629
4,0.005,8,1250,1.0,0.0,3,3,5,3,10,106,82,13.4772
4,0.005,8,1250,1.0,0.0,3,3,5,3,10,106,83,12.9278
4,0.005,8,1250,1.0,0.0,3,3,5,3,10,106,84,12.5952
4,0.005,8,1250,1.0,0.0,3,3,5,3,10,106,85,12.6078
4,0.005,8,1250,1.0,0.0,3,3,5,3,10,106,86,13.1154
4,0.005,8,1250,1.0,0.0,3,3,5,3,10,106,87,12.6867
4,0.005,8,1250,1.0,0.0,3,3,5,3,10,106,88,12.3401
4,0.005,8,1250,1.0,0.0,3,3,5,3,10,106,89,12.0607
4,0.005,8,1250,1.0,0.0,3,3,5,3,10,106,90,11.8889
4,0.005,8,1250,1.0,0.0,3,3,5,3,10,106,91,11.6379
4,0.005,8,1250,1.0,0.0,3,3,5,3,10,106,92,11.0102
4,0.005,8,1250,1.0,0.0,3,3,5,3,10,106,93,10.2602
4,0.005,8,1250,1.0,0.0,3,3,5,3,10,106,94,9.80069
4,0.005,8,1250,1.0,0.0,3,3,5,3,10,106,95,9.22495
4,0.005,8,1250,1.0,0.0,3,3,5,3,10,106,96,9.02018
4,0.005,8,1250,1.0,0.0,3,3,5,3,10,106,97,8.94671
4,0.005,8,1250,1.0,0.0,3,3,5,3,10,106,98,8.62782
4,0.005,8,1250,1.0,0.0,3,3,5,3,10,106,99,8.54972
4,0.005,8,1250,1.0,0.0,3,3,5,3,10,106,100,8.50705
4,0.005,8,1250,1.0,0.0,3,3,5,3,10,106,-1,11.0242
4,0.005,8,1250,1.0,0.0,3,3,5,3,10,106,101,8.681
4,0.005,8,1250,1.0,0.0,3,3,5,3,10,106,102,8.47978
4,0.005,8,1250,1.0,0.0,3,3,5,3,10,106,103,8.4697
4,0.005,8,1250,1.0,0.0,3,3,5,3,10,106,104,8.69759
4,0.005,8,1250,1.0,0.0,3,3,5,3,10,106,105,8.70517
4,0.005,8,1250,1.0,0.0,3,3,5,3,10,106,106,8.35402
4,0.005,8,1250,1.0,0.0,3,3,5,3,10,106,107,8.22347
4,0.005,8,1250,1.0,0.0,3,3,5,3,10,106,108,8.06829
4,0.005,8,1250,1.0,0.0,3,3,5,3,10,106,109,7.8997
4,0.005,8,1250,1.0,0.0,3,3,5,3,10,106,110,7.71733
4,0.005,8,1250,1.0,0.0,3,3,5,3,10,106,111,7.533
4,0.005,8,1250,1.0,0.0,3,3,5,3,10,106,112,7.35457
4,0.005,8,1250,1.0,0.0,3,3,5,3,10,106,113,7.17875
4,0.005,8,1250,1.0,0.0,3,3,5,3,10,106,114,7.00263
4,0.005,8,1250,1.0,0.0,3,3,5,3,10,106,115,6.84143
4,0.005,8,1250,1.0,0.0,3,3,5,3,10,106,116,6.69533
4,0.005,8,1250,1.0,0.0,3,3,5,3,10,106,117,6.57025
4,0.005,8,1250,1.0,0.0,3,3,5,3,10,106,118,6.45551
4,0.005,8,1250,1.0,0.0,3,3,5,3,10,106,119,6.32862
4,0.005,8,1250,1.0,0.0,3,3,5,3,10,106,120,6.18697
4,0.005,8,1250,1.0,0.0,3,3,5,3,10,106,121,6.03721
4,0.005,8,1250,1.0,0.0,3,3,5,3,10,106,122,5.89786
4,0.005,8,1250,1.0,0.0,3,3,5,3,10,106,123,5.78461
4,0.005,8,1250,1.0,0.0,3,3,5,3,10,106,124,5.69204
4,0.005,8,1250,1.0,0.0,3,3,5,3,10,106,125,5.51715
4,0.005,8,1250,1.0,0.0,3,3,5,3,10,106,126,5.39288
4,0.005,8,1250,1.0,0.0,3,3,5,3,10,106,127,5.2631
4,0.005,8,1250,1.0,0.0,3,3,5,3,10,106,128,5.10685
4,0.005,8,1250,1.0,0.0,3,3,5,3,10,106,129,4.93029
4,0.005,8,1250,1.0,0.0,3,3,5,3,10,106,130,4.80663
4,0.005,8,1250,1.0,0.0,3,3,5,3,10,106,131,4.69153
4,0.005,8,1250,1.0,0.0,3,3,5,3,10,106,132,4.56316
4,0.005,8,1250,1.0,0.0,3,3,5,3,10,106,133,4.44697
4,0.005,8,1250,1.0,0.0,3,3,5,3,10,106,134,4.36756
4,0.005,8,1250,1.0,0.0,3,3,5,3,10,106,135,4.30335
4,0.005,8,1250,1.0,0.0,3,3,5,3,10,106,136,4.24182
4,0.005,8,1250,1.0,0.0,3,3,5,3,10,106,137,4.16811
4,0.005,8,1250,1.0,0.0,3,3,5,3,10,106,138,4.12757
4,0.005,8,1250,1.0,0.0,3,3,5,3,10,106,139,4.09586
4,0.005,8,1250,1.0,0.0,3,3,5,3,10,106,140,4.0535
4,0.005,8,1250,1.0,0.0,3,3,5,3,10,106,141,4.06444
4,0.005,8,1250,1.0,0.0,3,3,5,3,10,106,142,3.94957
4,0.005,8,1250,1.0,0.0,3,3,5,3,10,106,143,3.89169
4,0.005,8,1250,1.0,0.0,3,3,5,3,10,106,144,3.87696
4,0.005,8,1250,1.0,0.0,3,3,5,3,10,106,145,3.78974
4,0.005,8,1250,1.0,0.0,3,3,5,3,10,106,146,3.78545
4,0.005,8,1250,1.0,0.0,3,3,5,3,10,106,147,3.70885
4,0.005,8,1250,1.0,0.0,3,3,5,3,10,106,148,3.75638
4,0.005,8,1250,1.0,0.0,3,3,5,3,10,106,149,3.55029
4,0.005,8,1250,1.0,0.0,3,3,5,3,10,106,150,3.60977
4,0.005,8,1250,1.0,0.0,3,3,5,3,10,106,151,3.80613
4,0.005,8,1250,1.0,0.0,3,3,5,3,10,106,152,3.44517
4,0.005,8,1250,1.0,0.0,3,3,5,3,10,106,153,4.41845
4,0.005,8,1250,1.0,0.0,3,3,5,3,10,106,154,3.97835
4,0.005,8,1250,1.0,0.0,3,3,5,3,10,106,155,4.57373
4,0.005,8,1250,1.0,0.0,3,3,5,3,10,106,156,4.94765
4,0.005,8,1250,1.0,0.0,3,3,5,3,10,106,157,4.83107
4,0.005,8,1250,1.0,0.0,3,3,5,3,10,106,158,4.40061
4,0.005,8,1250,1.0,0.0,3,3,5,3,10,106,159,4.15581
4,0.005,8,1250,1.0,0.0,3,3,5,3,10,106,160,3.73856
4,0.005,8,1250,1.0,0.0,3,3,5,3,10,106,161,5.14099
4,0.005,8,1250,1.0,0.0,3,3,5,3,10,106,162,3.54859
4,0.005,8,1250,1.0,0.0,3,3,5,3,10,106,163,3.86203
4,0.005,8,1250,1.0,0.0,3,3,5,3,10,106,164,3.77745
4,0.005,8,1250,1.0,0.0,3,3,5,3,10,106,165,3.61055
4,0.005,8,1250,1.0,0.0,3,3,5,3,10,106,166,3.53811
4,0.005,8,1250,1.0,0.0,3,3,5,3,10,106,167,3.59875
4,0.005,8,1250,1.0,0.0,3,3,5,3,10,106,168,3.39197
4,0.005,8,1250,1.0,0.0,3,3,5,3,10,106,169,3.466
4,0.005,8,1250,1.0,0.0,3,3,5,3,10,106,170,3.54831
4,0.005,8,1250,1.0,0.0,3,3,5,3,10,106,171,3.42776
4,0.005,8,1250,1.0,0.0,3,3,5,3,10,106,172,3.2918
4,0.005,8,1250,1.0,0.0,3,3,5,3,10,106,173,3.29265
4,0.005,8,1250,1.0,0.0,3,3,5,3,10,106,174,3.34348
4,0.005,8,1250,1.0,0.0,3,3,5,3,10,106,175,3.2903
4,0.005,8,1250,1.0,0.0,3,3,5,3,10,106,176,2.98807
4,0.005,8,1250,1.0,0.0,3,3,5,3,10,106,177,2.98471
4,0.005,8,1250,1.0,0.0,3,3,5,3,10,106,178,2.83447
4,0.005,8,1250,1.0,0.0,3,3,5,3,10,106,179,2.83237
4,0.005,8,1250,1.0,0.0,3,3,5,3,10,106,180,2.8752
4,0.005,8,1250,1.0,0.0,3,3,5,3,10,106,181,2.73625
4,0.005,8,1250,1.0,0.0,3,3,5,3,10,106,182,2.80048
4,0.005,8,1250,1.0,0.0,3,3,5,3,10,106,183,2.75245
4,0.005,8,1250,1.0,0.0,3,3,5,3,10,106,184,2.7091
4,0.005,8,1250,1.0,0.0,3,3,5,3,10,106,185,2.69541
4,0.005,8,1250,1.0,0.0,3,3,5,3,10,106,186,2.6113
4,0.005,8,1250,1.0,0.0,3,3,5,3,10,106,187,2.5699
4,0.005,8,1250,1.0,0.0,3,3,5,3,10,106,188,2.51417
4,0.005,8,1250,1.0,0.0,3,3,5,3,10,106,189,2.48051
4,0.005,8,1250,1.0,0.0,3,3,5,3,10,106,190,2.50578
4,0.005,8,1250,1.0,0.0,3,3,5,3,10,106,191,2.4499
4,0.005,8,1250,1.0,0.0,3,3,5,3,10,106,192,2.45161
4,0.005,8,1250,1.0,0.0,3,3,5,3,10,106,193,2.45012
4,0.005,8,1250,1.0,0.0,3,3,5,3,10,106,194,2.43391
4,0.005,8,1250,1.0,0.0,3,3,5,3,10,106,195,2.41416
4,0.005,8,1250,1.0,0.0,3,3,5,3,10,106,196,2.37521
4,0.005,8,1250,1.0,0.0,3,3,5,3,10,106,197,2.35864
4,0.005,8,1250,1.0,0.0,3,3,5,3,10,106,198,2.34129
4,0.005,8,1250,1.0,0.0,3,3,5,3,10,106,199,2.31248
4,0.005,8,1250,1.0,0.0,3,3,5,3,10,106,200,2.3155
4,0.005,8,1250,1.0,0.0,3,3,5,3,10,106,-1,7.29278
4,0.005,8,1250,1.0,0.0,3,3,5,3,10,106,201,2.30781
4,0.005,8,1250,1.0,0.0,3,3,5,3,10,106,202,2.29247
4,0.005,8,1250,1.0,0.0,3,3,5,3,10,106,203,2.28138
4,0.005,8,1250,1.0,0.0,3,3,5,3,10,106,204,1.68336
4,0.005,8,1250,1.0,0.0,3,3,5,3,10,106,205,3.86695
4,0.005,8,1250,1.0,0.0,3,3,5,3,10,106,206,2.60073
4,0.005,8,1250,1.0,0.0,3,3,5,3,10,106,207,2.96878
4,0.005,8,1250,1.0,0.0,3,3,5,3,10,106,208,3.47611
4,0.005,8,1250,1.0,0.0,3,3,5,3,10,106,209,7.19347
4,0.005,8,1250,1.0,0.0,3,3,5,3,10,106,210,11.4846
4,0.005,8,1250,1.0,0.0,3,3,5,3,10,106,211,11.144
4,0.005,8,1250,1.0,0.0,3,3,5,3,10,106,212,10.8046
4,0.005,8,1250,1.0,0.0,3,3,5,3,10,106,213,10.5546
4,0.005,8,1250,1.0,0.0,3,3,5,3,10,106,214,10.2164
4,0.005,8,1250,1.0,0.0,3,3,5,3,10,106,215,11.4963
4,0.005,8,1250,1.0,0.0,3,3,5,3,10,106,216,10.3414
4,0.005,8,1250,1.0,0.0,3,3,5,3,10,106,217,9.28394
4,0.005,8,1250,1.0,0.0,3,3,5,3,10,106,218,9.28818
4,0.005,8,1250,1.0,0.0,3,3,5,3,10,106,219,8.22342
4,0.005,8,1250,1.0,0.0,3,3,5,3,10,106,220,8.7464
4,0.005,8,1250,1.0,0.0,3,3,5,3,10,106,221,8.46859
4,0.005,8,1250,1.0,0.0,3,3,5,3,10,106,222,8.84493
4,0.005,8,1250,1.0,0.0,3,3,5,3,10,106,223,7.10404
4,0.005,8,1250,1.0,0.0,3,3,5,3,10,106,224,7.79377
4,0.005,8,1250,1.0,0.0,3,3,5,3,10,106,225,8.03858
4,0.005,8,1250,1.0,0.0,3,3,5,3,10,106,226,7.5333
4,0.005,8,1250,1.0,0.0,3,3,5,3,10,106,227,7.45628
4,0.005,8,1250,1.0,0.0,3,3,5,3,10,106,228,7.2497
4,0.005,8,1250,1.0,0.0,3,3,5,3,10,106,229,6.99147
4,0.005,8,1250,1.0,0.0,3,3,5,3,10,106,230,6.79686
4,0.005,8,1250,1.0,0.0,3,3,5,3,10,106,231,6.69821
4,0.005,8,1250,1.0,0.0,3,3,5,3,10,106,232,6.60067
4,0.005,8,1250,1.0,0.0,3,3,5,3,10,106,233,6.10202
4,0.005,8,1250,1.0,0.0,3,3,5,3,10,106,234,6.26554
4,0.005,8,1250,1.0,0.0,3,3,5,3,10,106,235,6.1561
4,0.005,8,1250,1.0,0.0,3,3,5,3,10,106,236,6.30977
4,0.005,8,1250,1.0,0.0,3,3,5,3,10,106,237,5.97074
4,0.005,8,1250,1.0,0.0,3,3,5,3,10,106,238,5.81141
4,0.005,8,1250,1.0,0.0,3,3,5,3,10,106,239,5.80061
4,0.005,8,1250,1.0,0.0,3,3,5,3,10,106,240,5.73377
4,0.005,8,1250,1.0,0.0,3,3,5,3,10,106,241,5.71853
4,0.005,8,1250,1.0,0.0,3,3,5,3,10,106,242,5.74531
4,0.005,8,1250,1.0,0.0,3,3,5,3,10,106,243,5.71075
4,0.005,8,1250,1.0,0.0,3,3,5,3,10,106,244,5.66888
4,0.005,8,1250,1.0,0.0,3,3,5,3,10,106,245,5.59763
4,0.005,8,1250,1.0,0.0,3,3,5,3,10,106,246,5.53578
4,0.005,8,1250,1.0,0.0,3,3,5,3,10,106,247,5.50669
4,0.005,8,1250,1.0,0.0,3,3,5,3,10,106,248,5.47469
4,0.005,8,1250,1.0,0.0,3,3,5,3,10,106,249,5.46374
4,0.005,8,1250,1.0,0.0,3,3,5,3,10,106,250,5.46995
4,0.005,8,1250,1.0,0.0,3,3,5,3,10,106,251,5.43964
4,0.005,8,1250,1.0,0.0,3,3,5,3,10,106,252,5.38569
4,0.005,8,1250,1.0,0.0,3,3,5,3,10,106,253,5.34442
4,0.005,8,1250,1.0,0.0,3,3,5,3,10,106,254,5.36376
4,0.005,8,1250,1.0,0.0,3,3,5,3,10,106,255,5.33616
4,0.005,8,1250,1.0,0.0,3,3,5,3,10,106,256,5.34051
4,0.005,8,1250,1.0,0.0,3,3,5,3,10,106,257,5.33148
4,0.005,8,1250,1.0,0.0,3,3,5,3,10,106,258,5.31445
4,0.005,8,1250,1.0,0.0,3,3,5,3,10,106,259,5.29949
4,0.005,8,1250,1.0,0.0,3,3,5,3,10,106,260,5.28718
4,0.005,8,1250,1.0,0.0,3,3,5,3,10,106,261,5.27291
4,0.005,8,1250,1.0,0.0,3,3,5,3,10,106,262,5.25993
4,0.005,8,1250,1.0,0.0,3,3,5,3,10,106,263,5.25213
4,0.005,8,1250,1.0,0.0,3,3,5,3,10,106,264,5.24581
4,0.005,8,1250,1.0,0.0,3,3,5,3,10,106,265,5.23603
4,0.005,8,1250,1.0,0.0,3,3,5,3,10,106,266,5.22307
4,0.005,8,1250,1.0,0.0,3,3,5,3,10,106,267,5.21137
4,0.005,8,1250,1.0,0.0,3,3,5,3,10,106,268,5.20351
4,0.005,8,1250,1.0,0.0,3,3,5,3,10,106,269,5.19676
4,0.005,8,1250,1.0,0.0,3,3,5,3,10,106,270,5.18836
4,0.005,8,1250,1.0,0.0,3,3,5,3,10,106,271,5.17992
4,0.005,8,1250,1.0,0.0,3,3,5,3,10,106,272,5.17278
4,0.005,8,1250,1.0,0.0,3,3,5,3,10,106,273,5.16559
4,0.005,8,1250,1.0,0.0,3,3,5,3,10,106,274,5.15725
4,0.005,8,1250,1.0,0.0,3,3,5,3,10,106,275,5.14869
4,0.005,8,1250,1.0,0.0,3,3,5,3,10,106,276,5.1416
4,0.005,8,1250,1.0,0.0,3,3,5,3,10,106,277,5.13588
4,0.005,8,1250,1.0,0.0,3,3,5,3,10,106,278,5.1296
4,0.005,8,1250,1.0,0.0,3,3,5,3,10,106,279,5.12256
4,0.005,8,1250,1.0,0.0,3,3,5,3,10,106,280,5.11608
4,0.005,8,1250,1.0,0.0,3,3,5,3,10,106,281,5.10998
4,0.005,8,1250,1.0,0.0,3,3,5,3,10,106,282,5.10354
4,0.005,8,1250,1.0,0.0,3,3,5,3,10,106,283,5.09724
4,0.005,8,1250,1.0,0.0,3,3,5,3,10,106,284,5.09179
4,0.005,8,1250,1.0,0.0,3,3,5,3,10,106,285,5.08661
4,0.005,8,1250,1.0,0.0,3,3,5,3,10,106,286,5.0809
4,0.005,8,1250,1.0,0.0,3,3,5,3,10,106,287,5.07495
4,0.005,8,1250,1.0,0.0,3,3,5,3,10,106,288,5.06915
4,0.005,8,1250,1.0,0.0,3,3,5,3,10,106,289,5.06347
4,0.005,8,1250,1.0,0.0,3,3,5,3,10,106,290,5.05818
4,0.005,8,1250,1.0,0.0,3,3,5,3,10,106,291,5.05323
4,0.005,8,1250,1.0,0.0,3,3,5,3,10,106,292,5.04833
4,0.005,8,1250,1.0,0.0,3,3,5,3,10,106,293,5.04307
4,0.005,8,1250,1.0,0.0,3,3,5,3,10,106,294,5.0376
4,0.005,8,1250,1.0,0.0,3,3,5,3,10,106,295,5.03239
4,0.005,8,1250,1.0,0.0,3,3,5,3,10,106,296,5.02739
4,0.005,8,1250,1.0,0.0,3,3,5,3,10,106,297,5.02245
4,0.005,8,1250,1.0,0.0,3,3,5,3,10,106,298,5.01764
4,0.005,8,1250,1.0,0.0,3,3,5,3,10,106,299,5.01278
4,0.005,8,1250,1.0,0.0,3,3,5,3,10,106,300,5.0078
4,0.005,8,1250,1.0,0.0,3,3,5,3,10,106,-1,9.06912
4,0.005,8,1250,1.0,0.0,3,3,5,3,10,106,301,5.00298
4,0.005,8,1250,1.0,0.0,3,3,5,3,10,106,302,4.99827
4,0.005,8,1250,1.0,0.0,3,3,5,3,10,106,303,4.99343
4,0.005,8,1250,1.0,0.0,3,3,5,3,10,106,304,4.98865
4,0.005,8,1250,1.0,0.0,3,3,5,3,10,106,305,4.98397
4,0.005,8,1250,1.0,0.0,3,3,5,3,10,106,306,4.97923
4,0.005,8,1250,1.0,0.0,3,3,5,3,10,106,307,4.97455
4,0.005,8,1250,1.0,0.0,3,3,5,3,10,106,308,4.96991
4,0.005,8,1250,1.0,0.0,3,3,5,3,10,106,309,4.96516
4,0.005,8,1250,1.0,0.0,3,3,5,3,10,106,310,4.96043
4,0.005,8,1250,1.0,0.0,3,3,5,3,10,106,311,4.95567
4,0.005,8,1250,1.0,0.0,3,3,5,3,10,106,312,4.95083
4,0.005,8,1250,1.0,0.0,3,3,5,3,10,106,313,4.94603
4,0.005,8,1250,1.0,0.0,3,3,5,3,10,106,314,4.94114
4,0.005,8,1250,1.0,0.0,3,3,5,3,10,106,315,4.93622
4,0.005,8,1250,1.0,0.0,3,3,5,3,10,106,316,4.93124
4,0.005,8,1250,1.0,0.0,3,3,5,3,10,106,317,4.92611
4,0.005,8,1250,1.0,0.0,3,3,5,3,10,106,318,4.9209
4,0.005,8,1250,1.0,0.0,3,3,5,3,10,106,319,4.91548
4,0.005,8,1250,1.0,0.0,3,3,5,3,10,106,320,4.90988
4,0.005,8,1250,1.0,0.0,3,3,5,3,10,106,321,4.90397
4,0.005,8,1250,1.0,0.0,3,3,5,3,10,106,322,4.89751
4,0.005,8,1250,1.0,0.0,3,3,5,3,10,106,323,4.88986
4,0.005,8,1250,1.0,0.0,3,3,5,3,10,106,324,4.87722
4,0.005,8,1250,1.0,0.0,3,3,5,3,10,106,325,4.81915
4,0.005,8,1250,1.0,0.0,3,3,5,3,10,106,326,4.8156
4,0.005,8,1250,1.0,0.0,3,3,5,3,10,106,327,4.81167
4,0.005,8,1250,1.0,0.0,3,3,5,3,10,106,328,4.7716
4,0.005,8,1250,1.0,0.0,3,3,5,3,10,106,329,4.76381
4,0.005,8,1250,1.0,0.0,3,3,5,3,10,106,330,4.75752
4,0.005,8,1250,1.0,0.0,3,3,5,3,10,106,331,4.75562
4,0.005,8,1250,1.0,0.0,3,3,5,3,10,106,332,4.75142
4,0.005,8,1250,1.0,0.0,3,3,5,3,10,106,333,4.74646
4,0.005,8,1250,1.0,0.0,3,3,5,3,10,106,334,4.74124
4,0.005,8,1250,1.0,0.0,3,3,5,3,10,106,335,4.7387
4,0.005,8,1250,1.0,0.0,3,3,5,3,10,106,336,4.73632
4,0.005,8,1250,1.0,0.0,3,3,5,3,10,106,337,4.73501
4,0.005,8,1250,1.0,0.0,3,3,5,3,10,106,338,4.72971
4,0.005,8,1250,1.0,0.0,3,3,5,3,10,106,339,4.72588
4,0.005,8,1250,1.0,0.0,3,3,5,3,10,106,340,4.72098
4,0.005,8,1250,1.0,0.0,3,3,5,3,10,106,341,4.71936
4,0.005,8,1250,1.0,0.0,3,3,5,3,10,106,342,4.71633
4,0.005,8,1250,1.0,0.0,3,3,5,3,10,106,343,4.71437
4,0.005,8,1250,1.0,0.0,3,3,5,3,10,106,344,4.71103
4,0.005,8,1250,1.0,0.0,3,3,5,3,10,106,345,4.7092
4,0.005,8,1250,1.0,0.0,3,3,5,3,10,106,346,4.70677
4,0.005,8,1250,1.0,0.0,3,3,5,3,10,106,347,4.70529
4,0.005,8,1250,1.0,0.0,3,3,5,3,10,106,348,4.70252
4,0.005,8,1250,1.0,0.0,3,3,5,3,10,106,349,4.70021
4,0.005,8,1250,1.0,0.0,3,3,5,3,10,106,350,4.69727
4,0.005,8,1250,1.0,0.0,3,3,5,3,10,106,351,4.69535
4,0.005,8,1250,1.0,0.0,3,3,5,3,10,106,352,4.6932
4,0.005,8,1250,1.0,0.0,3,3,5,3,10,106,353,4.69165
4,0.005,8,1250,1.0,0.0,3,3,5,3,10,106,354,4.68955
4,0.005,8,1250,1.0,0.0,3,3,5,3,10,106,355,4.68774
4,0.005,8,1250,1.0,0.0,3,3,5,3,10,106,356,4.68566
4,0.005,8,1250,1.0,0.0,3,3,5,3,10,106,357,4.68395
4,0.005,8,1250,1.0,0.0,3,3,5,3,10,106,358,4.68205
4,0.005,8,1250,1.0,0.0,3,3,5,3,10,106,359,4.68017
4,0.005,8,1250,1.0,0.0,3,3,5,3,10,106,360,4.67812
4,0.005,8,1250,1.0,0.0,3,3,5,3,10,106,361,4.67608
4,0.005,8,1250,1.0,0.0,3,3,5,3,10,106,362,4.67419
4,0.005,8,1250,1.0,0.0,3,3,5,3,10,106,363,4.6724
4,0.005,8,1250,1.0,0.0,3,3,5,3,10,106,364,4.67074
4,0.005,8,1250,1.0,0.0,3,3,5,3,10,106,365,4.66902
4,0.005,8,1250,1.0,0.0,3,3,5,3,10,106,366,4.66739
4,0.005,8,1250,1.0,0.0,3,3,5,3,10,106,367,4.66569
4,0.005,8,1250,1.0,0.0,3,3,5,3,10,106,368,4.66411
4,0.005,8,1250,1.0,0.0,3,3,5,3,10,106,369,4.66247
4,0.005,8,1250,1.0,0.0,3,3,5,3,10,106,370,4.66086
4,0.005,8,1250,1.0,0.0,3,3,5,3,10,106,371,4.65915
4,0.005,8,1250,1.0,0.0,3,3,5,3,10,106,372,4.65748
4,0.005,8,1250,1.0,0.0,3,3,5,3,10,106,373,4.65576
4,0.005,8,1250,1.0,0.0,3,3,5,3,10,106,374,4.65415
4,0.005,8,1250,1.0,0.0,3,3,5,3,10,106,375,4.65251
4,0.005,8,1250,1.0,0.0,3,3,5,3,10,106,376,4.65093
4,0.005,8,1250,1.0,0.0,3,3,5,3,10,106,377,4.6493
4,0.005,8,1250,1.0,0.0,3,3,5,3,10,106,378,4.6477
4,0.005,8,1250,1.0,0.0,3,3,5,3,10,106,379,4.64608
4,0.005,8,1250,1.0,0.0,3,3,5,3,10,106,380,4.64447
4,0.005,8,1250,1.0,0.0,3,3,5,3,10,106,381,4.64284
4,0.005,8,1250,1.0,0.0,3,3,5,3,10,106,382,4.6412
4,0.005,8,1250,1.0,0.0,3,3,5,3,10,106,383,4.63955
4,0.005,8,1250,1.0,0.0,3,3,5,3,10,106,384,4.63789
4,0.005,8,1250,1.0,0.0,3,3,5,3,10,106,385,4.63624
4,0.005,8,1250,1.0,0.0,3,3,5,3,10,106,386,4.63458
4,0.005,8,1250,1.0,0.0,3,3,5,3,10,106,387,4.63294
4,0.005,8,1250,1.0,0.0,3,3,5,3,10,106,388,4.63127
4,0.005,8,1250,1.0,0.0,3,3,5,3,10,106,389,4.62959
4,0.005,8,1250,1.0,0.0,3,3,5,3,10,106,390,4.62788
4,0.005,8,1250,1.0,0.0,3,3,5,3,10,106,391,4.62616
4,0.005,8,1250,1.0,0.0,3,3,5,3,10,106,392,4.62442
4,0.005,8,1250,1.0,0.0,3,3,5,3,10,106,393,4.62266
4,0.005,8,1250,1.0,0.0,3,3,5,3,10,106,394,4.62088
4,0.005,8,1250,1.0,0.0,3,3,5,3,10,106,395,4.61907
4,0.005,8,1250,1.0,0.0,3,3,5,3,10,106,396,4.61724
4,0.005,8,1250,1.0,0.0,3,3,5,3,10,106,397,4.61539
4,0.005,8,1250,1.0,0.0,3,3,5,3,10,106,398,4.61351
4,0.005,8,1250,1.0,0.0,3,3,5,3,10,106,399,4.61161
4,0.005,8,1250,1.0,0.0,3,3,5,3,10,106,400,4.60968
4,0.005,8,1250,1.0,0.0,3,3,5,3,10,106,-1,10.8526
4,0.005,8,1250,1.0,0.0,3,3,5,3,10,106,401,4.60773
4,0.005,8,1250,1.0,0.0,3,3,5,3,10,106,402,4.60573
4,0.005,8,1250,1.0,0.0,3,3,5,3,10,106,403,4.6037
4,0.005,8,1250,1.0,0.0,3,3,5,3,10,106,404,4.60164
4,0.005,8,1250,1.0,0.0,3,3,5,3,10,106,405,4.59953
4,0.005,8,1250,1.0,0.0,3,3,5,3,10,106,406,4.59737
4,0.005,8,1250,1.0,0.0,3,3,5,3,10,106,407,4.59517
4,0.005,8,1250,1.0,0.0,3,3,5,3,10,106,408,4.59291
4,0.005,8,1250,1.0,0.0,3,3,5,3,10,106,409,4.59061
4,0.005,8,1250,1.0,0.0,3,3,5,3,10,106,410,4.58824
4,0.005,8,1250,1.0,0.0,3,3,5,3,10,106,411,4.58582
4,0.005,8,1250,1.0,0.0,3,3,5,3,10,106,412,4.58333
4,0.005,8,1250,1.0,0.0,3,3,5,3,10,106,413,4.58079
4,0.005,8,1250,1.0,0.0,3,3,5,3,10,106,414,4.5782
4,0.005,8,1250,1.0,0.0,3,3,5,3,10,106,415,4.57557
4,0.005,8,1250,1.0,0.0,3,3,5,3,10,106,416,4.5729
4,0.005,8,1250,1.0,0.0,3,3,5,3,10,106,417,4.5702
4,0.005,8,1250,1.0,0.0,3,3,5,3,10,106,418,4.56746
4,0.005,8,1250,1.0,0.0,3,3,5,3,10,106,419,4.56468
4,0.005,8,1250,1.0,0.0,3,3,5,3,10,106,420,4.56186
4,0.005,8,1250,1.0,0.0,3,3,5,3,10,106,421,4.55899
4,0.005,8,1250,1.0,0.0,3,3,5,3,10,106,422,4.55607
4,0.005,8,1250,1.0,0.0,3,3,5,3,10,106,423,4.5531
4,0.005,8,1250,1.0,0.0,3,3,5,3,10,106,424,4.55006
4,0.005,8,1250,1.0,0.0,3,3,5,3,10,106,425,4.54694
4,0.005,8,1250,1.0,0.0,3,3,5,3,10,106,426,4.54375
4,0.005,8,1250,1.0,0.0,3,3,5,3,10,106,427,4.54045
4,0.005,8,1250,1.0,0.0,3,3,5,3,10,106,428,4.53703
4,0.005,8,1250,1.0,0.0,3,3,5,3,10,106,429,4.53345
4,0.005,8,1250,1.0,0.0,3,3,5,3,10,106,430,4.52979
4,0.005,8,1250,1.0,0.0,3,3,5,3,10,106,431,4.52626
4,0.005,8,1250,1.0,0.0,3,3,5,3,10,106,432,4.52266
4,0.005,8,1250,1.0,0.0,3,3,5,3,10,106,433,4.51899
4,0.005,8,1250,1.0,0.0,3,3,5,3,10,106,434,4.5156
4,0.005,8,1250,1.0,0.0,3,3,5,3,10,106,435,4.51188
4,0.005,8,1250,1.0,0.0,3,3,5,3,10,106,436,4.50772
4,0.005,8,1250,1.0,0.0,3,3,5,3,10,106,437,4.50366
4,0.005,8,1250,1.0,0.0,3,3,5,3,10,106,438,4.49967
4,0.005,8,1250,1.0,0.0,3,3,5,3,10,106,439,4.49566
4,0.005,8,1250,1.0,0.0,3,3,5,3,10,106,440,4.49156
4,0.005,8,1250,1.0,0.0,3,3,5,3,10,106,441,4.48722
4,0.005,8,1250,1.0,0.0,3,3,5,3,10,106,442,4.4827
4,0.005,8,1250,1.0,0.0,3,3,5,3,10,106,443,4.47818
4,0.005,8,1250,1.0,0.0,3,3,5,3,10,106,444,4.47375
4,0.005,8,1250,1.0,0.0,3,3,5,3,10,106,445,4.46922
4,0.005,8,1250,1.0,0.0,3,3,5,3,10,106,446,4.46437
4,0.005,8,1250,1.0,0.0,3,3,5,3,10,106,447,4.45944
4,0.005,8,1250,1.0,0.0,3,3,5,3,10,106,448,4.45457
4,0.005,8,1250,1.0,0.0,3,3,5,3,10,106,449,4.44962
4,0.005,8,1250,1.0,0.0,3,3,5,3,10,106,450,4.44446
4,0.005,8,1250,1.0,0.0,3,3,5,3,10,106,451,4.43911
4,0.005,8,1250,1.0,0.0,3,3,5,3,10,106,452,4.43369
4,0.005,8,1250,1.0,0.0,3,3,5,3,10,106,453,4.42827
4,0.005,8,1250,1.0,0.0,3,3,5,3,10,106,454,4.4227
4,0.005,8,1250,1.0,0.0,3,3,5,3,10,106,455,4.41691
4,0.005,8,1250,1.0,0.0,3,3,5,3,10,106,456,4.41105
4,0.005,8,1250,1.0,0.0,3,3,5,3,10,106,457,4.40512
4,0.005,8,1250,1.0,0.0,3,3,5,3,10,106,458,4.39902
4,0.005,8,1250,1.0,0.0,3,3,5,3,10,106,459,4.39277
4,0.005,8,1250,1.0,0.0,3,3,5,3,10,106,460,4.38643
4,0.005,8,1250,1.0,0.0,3,3,5,3,10,106,461,4.38
4,0.005,8,1250,1.0,0.0,3,3,5,3,10,106,462,4.37344
4,0.005,8,1250,1.0,0.0,3,3,5,3,10,106,463,4.36673
4,0.005,8,1250,1.0,0.0,3,3,5,3,10,106,464,4.35991
4,0.005,8,1250,1.0,0.0,3,3,5,3,10,106,465,4.353
4,0.005,8,1250,1.0,0.0,3,3,5,3,10,106,466,4.34601
4,0.005,8,1250,1.0,0.0,3,3,5,3,10,106,467,4.33892
4,0.005,8,1250,1.0,0.0,3,3,5,3,10,106,468,4.33176
4,0.005,8,1250,1.0,0.0,3,3,5,3,10,106,469,4.32459
4,0.005,8,1250,1.0,0.0,3,3,5,3,10,106,470,4.31761
4,0.005,8,1250,1.0,0.0,3,3,5,3,10,106,471,4.31124
4,0.005,8,1250,1.0,0.0,3,3,5,3,10,106,472,4.30687
4,0.005,8,1250,1.0,0.0,3,3,5,3,10,106,473,4.30812
4,0.005,8,1250,1.0,0.0,3,3,5,3,10,106,474,4.32868
4,0.005,8,1250,1.0,0.0,3,3,5,3,10,106,475,4.40016
4,0.005,8,1250,1.0,0.0,3,3,5,3,10,106,476,4.51061
4,0.005,8,1250,1.0,0.0,3,3,5,3,10,106,477,4.48795
4,0.005,8,1250,1.0,0.0,3,3,5,3,10,106,478,4.29957
4,0.005,8,1250,1.0,0.0,3,3,5,3,10,106,479,4.4017
4,0.005,8,1250,1.0,0.0,3,3,5,3,10,106,480,4.48117
4,0.005,8,1250,1.0,0.0,3,3,5,3,10,106,481,4.55443
4,0.005,8,1250,1.0,0.0,3,3,5,3,10,106,482,4.25136
4,0.005,8,1250,1.0,0.0,3,3,5,3,10,106,483,5.2314
4,0.005,8,1250,1.0,0.0,3,3,5,3,10,106,484,5.0425
4,0.005,8,1250,1.0,0.0,3,3,5,3,10,106,485,6.03617
4,0.005,8,1250,1.0,0.0,3,3,5,3,10,106,486,5.99941
4,0.005,8,1250,1.0,0.0,3,3,5,3,10,106,487,4.96707
4,0.005,8,1250,1.0,0.0,3,3,5,3,10,106,488,4.6065
4,0.005,8,1250,1.0,0.0,3,3,5,3,10,106,489,5.10957
4,0.005,8,1250,1.0,0.0,3,3,5,3,10,106,490,5.51622
4,0.005,8,1250,1.0,0.0,3,3,5,3,10,106,491,5.22854
4,0.005,8,1250,1.0,0.0,3,3,5,3,10,106,492,4.88129
4,0.005,8,1250,1.0,0.0,3,3,5,3,10,106,493,4.65463
4,0.005,8,1250,1.0,0.0,3,3,5,3,10,106,494,4.60477
4,0.005,8,1250,1.0,0.0,3,3,5,3,10,106,495,4.6927
4,0.005,8,1250,1.0,0.0,3,3,5,3,10,106,496,4.79743
4,0.005,8,1250,1.0,0.0,3,3,5,3,10,106,497,4.80314
4,0.005,8,1250,1.0,0.0,3,3,5,3,10,106,498,4.71498
4,0.005,8,1250,1.0,0.0,3,3,5,3,10,106,499,4.61118
4,0.005,8,1250,1.0,0.0,3,3,5,3,10,106,500,4.54153
4,0.005,8,1250,1.0,0.0,3,3,5,3,10,106,-1,7.65824
4,0.005,8,1250,1.0,0.0,3,3,5,3,10,106,501,4.5211
4,0.005,8,1250,1.0,0.0,3,3,5,3,10,106,502,4.54323
4,0.005,8,1250,1.0,0.0,3,3,5,3,10,106,503,4.57561
4,0.005,8,1250,1.0,0.0,3,3,5,3,10,106,504,4.57444
4,0.005,8,1250,1.0,0.0,3,3,5,3,10,106,505,4.52389
4,0.005,8,1250,1.0,0.0,3,3,5,3,10,106,506,4.45131
4,0.005,8,1250,1.0,0.0,3,3,5,3,10,106,507,4.39469
4,0.005,8,1250,1.0,0.0,3,3,5,3,10,106,508,4.36733
4,0.005,8,1250,1.0,0.0,3,3,5,3,10,106,509,4.35716
4,0.005,8,1250,1.0,0.0,3,3,5,3,10,106,510,4.34546
4,0.005,8,1250,1.0,0.0,3,3,5,3,10,106,511,4.32128
4,0.005,8,1250,1.0,0.0,3,3,5,3,10,106,512,4.28554
4,0.005,8,1250,1.0,0.0,3,3,5,3,10,106,513,4.24734
4,0.005,8,1250,1.0,0.0,3,3,5,3,10,106,514,4.21652
4,0.005,8,1250,1.0,0.0,3,3,5,3,10,106,515,4.1969
4,0.005,8,1250,1.0,0.0,3,3,5,3,10,106,516,4.18454
4,0.005,8,1250,1.0,0.0,3,3,5,3,10,106,517,4.17171
4,0.005,8,1250,1.0,0.0,3,3,5,3,10,106,518,4.15299
4,0.005,8,1250,1.0,0.0,3,3,5,3,10,106,519,4.12859
4,0.005,8,1250,1.0,0.0,3,3,5,3,10,106,520,4.10279
4,0.005,8,1250,1.0,0.0,3,3,5,3,10,106,521,4.07967
4,0.005,8,1250,1.0,0.0,3,3,5,3,10,106,522,4.05974
4,0.005,8,1250,1.0,0.0,3,3,5,3,10,106,523,4.04026
4,0.005,8,1250,1.0,0.0,3,3,5,3,10,106,524,4.01849
4,0.005,8,1250,1.0,0.0,3,3,5,3,10,106,525,3.99475
4,0.005,8,1250,1.0,0.0,3,3,5,3,10,106,526,3.97213
4,0.005,8,1250,1.0,0.0,3,3,5,3,10,106,527,3.95364
4,0.005,8,1250,1.0,0.0,3,3,5,3,10,106,528,3.93961
4,0.005,8,1250,1.0,0.0,3,3,5,3,10,106,529,3.92743
4,0.005,8,1250,1.0,0.0,3,3,5,3,10,106,530,3.9136
4,0.005,8,1250,1.0,0.0,3,3,5,3,10,106,531,3.89647
4,0.005,8,1250,1.0,0.0,3,3,5,3,10,106,532,3.87725
4,0.005,8,1250,1.0,0.0,3,3,5,3,10,106,533,3.85861
4,0.005,8,1250,1.0,0.0,3,3,5,3,10,106,534,3.84214
4,0.005,8,1250,1.0,0.0,3,3,5,3,10,106,535,3.82706
4,0.005,8,1250,1.0,0.0,3,3,5,3,10,106,536,3.81135
4,0.005,8,1250,1.0,0.0,3,3,5,3,10,106,537,3.79429
4,0.005,8,1250,1.0,0.0,3,3,5,3,10,106,538,3.77742
4,0.005,8,1250,1.0,0.0,3,3,5,3,10,106,539,3.76261
4,0.005,8,1250,1.0,0.0,3,3,5,3,10,106,540,3.74975
4,0.005,8,1250,1.0,0.0,3,3,5,3,10,106,541,3.73691
4,0.005,8,1250,1.0,0.0,3,3,5,3,10,106,542,3.7227
4,0.005,8,1250,1.0,0.0,3,3,5,3,10,106,543,3.70764
4,0.005,8,1250,1.0,0.0,3,3,5,3,10,106,544,3.69322
4,0.005,8,1250,1.0,0.0,3,3,5,3,10,106,545,3.67985
4,0.005,8,1250,1.0,0.0,3,3,5,3,10,106,546,3.66653
4,0.005,8,1250,1.0,0.0,3,3,5,3,10,106,547,3.65246
4,0.005,8,1250,1.0,0.0,3,3,5,3,10,106,548,3.63823
4,0.005,8,1250,1.0,0.0,3,3,5,3,10,106,549,3.62485
4,0.005,8,1250,1.0,0.0,3,3,5,3,10,106,550,3.61226
4,0.005,8,1250,1.0,0.0,3,3,5,3,10,106,551,3.59953
4,0.005,8,1250,1.0,0.0,3,3,5,3,10,106,552,3.58614
4,0.005,8,1250,1.0,0.0,3,3,5,3,10,106,553,3.57253
4,0.005,8,1250,1.0,0.0,3,3,5,3,10,106,554,3.55927
4,0.005,8,1250,1.0,0.0,3,3,5,3,10,106,555,3.54624
4,0.005,8,1250,1.0,0.0,3,3,5,3,10,106,556,3.53291
4,0.005,8,1250,1.0,0.0,3,3,5,3,10,106,557,3.51933
4,0.005,8,1250,1.0,0.0,3,3,5,3,10,106,558,3.50604
4,0.005,8,1250,1.0,0.0,3,3,5,3,10,106,559,3.49321
4,0.005,8,1250,1.0,0.0,3,3,5,3,10,106,560,3.4804
4,0.005,8,1250,1.0,0.0,3,3,5,3,10,106,561,3.46729
4,0.005,8,1250,1.0,0.0,3,3,5,3,10,106,562,3.45412
4,0.005,8,1250,1.0,0.0,3,3,5,3,10,106,563,3.44117
4,0.005,8,1250,1.0,0.0,3,3,5,3,10,106,564,3.42828
4,0.005,8,1250,1.0,0.0,3,3,5,3,10,106,565,3.4152
4,0.005,8,1250,1.0,0.0,3,3,5,3,10,106,566,3.40208
4,0.005,8,1250,1.0,0.0,3,3,5,3,10,106,567,3.38919
4,0.005,8,1250,1.0,0.0,3,3,5,3,10,106,568,3.37647
4,0.005,8,1250,1.0,0.0,3,3,5,3,10,106,569,3.36371
4,0.005,8,1250,1.0,0.0,3,3,5,3,10,106,570,3.35091
4,0.005,8,1250,1.0,0.0,3,3,5,3,10,106,571,3.33823
4,0.005,8,1250,1.0,0.0,3,3,5,3,10,106,572,3.32566
4,0.005,8,1250,1.0,0.0,3,3,5,3,10,106,573,3.31302
4,0.005,8,1250,1.0,0.0,3,3,5,3,10,106,574,3.30031
4,0.005,8,1250,1.0,0.0,3,3,5,3,10,106,575,3.28768
4,0.005,8,1250,1.0,0.0,3,3,5,3,10,106,576,3.27512
4,0.005,8,1250,1.0,0.0,3,3,5,3,10,106,577,3.26256
4,0.005,8,1250,1.0,0.0,3,3,5,3,10,106,578,3.24998
4,0.005,8,1250,1.0,0.0,3,3,5,3,10,106,579,3.23745
4,0.005,8,1250,1.0,0.0,3,3,5,3,10,106,580,3.22497
4,0.005,8,1250,1.0,0.0,3,3,5,3,10,106,581,3.21244
4,0.005,8,1250,1.0,0.0,3,3,5,3,10,106,582,3.19989
4,0.005,8,1250,1.0,0.0,3,3,5,3,10,106,583,3.18739
4,0.005,8,1250,1.0,0.0,3,3,5,3,10,106,584,3.17492
4,0.005,8,1250,1.0,0.0,3,3,5,3,10,106,585,3.16245
4,0.005,8,1250,1.0,0.0,3,3,5,3,10,106,586,3.14999
4,0.005,8,1250,1.0,0.0,3,3,5,3,10,106,587,3.13759
4,0.005,8,1250,1.0,0.0,3,3,5,3,10,106,588,3.12519
4,0.005,8,1250,1.0,0.0,3,3,5,3,10,106,589,3.11278
4,0.005,8,1250,1.0,0.0,3,3,5,3,10,106,590,3.10039
4,0.005,8,1250,1.0,0.0,3,3,5,3,10,106,591,3.08803
4,0.005,8,1250,1.0,0.0,3,3,5,3,10,106,592,3.07567
4,0.005,8,1250,1.0,0.0,3,3,5,3,10,106,593,3.06331
4,0.005,8,1250,1.0,0.0,3,3,5,3,10,106,594,3.05099
4,0.005,8,1250,1.0,0.0,3,3,5,3,10,106,595,3.03868
4,0.005,8,1250,1.0,0.0,3,3,5,3,10,106,596,3.02637
4,0.005,8,1250,1.0,0.0,3,3,5,3,10,106,597,3.01408
4,0.005,8,1250,1.0,0.0,3,3,5,3,10,106,598,3.00181
4,0.005,8,1250,1.0,0.0,3,3,5,3,10,106,599,2.98953
4,0.005,8,1250,1.0,0.0,3,3,5,3,10,106,600,2.97727
4,0.005,8,1250,1.0,0.0,3,3,5,3,10,106,-1,9.63885
4,0.005,8,1250,1.0,0.0,3,3,5,3,10,106,601,2.96503
4,0.005,8,1250,1.0,0.0,3,3,5,3,10,106,602,2.9528
4,0.005,8,1250,1.0,0.0,3,3,5,3,10,106,603,2.94058
4,0.005,8,1250,1.0,0.0,3,3,5,3,10,106,604,2.92837
4,0.005,8,1250,1.0,0.0,3,3,5,3,10,106,605,2.91617
4,0.005,8,1250,1.0,0.0,3,3,5,3,10,106,606,2.90398
4,0.005,8,1250,1.0,0.0,3,3,5,3,10,106,607,2.89181
4,0.005,8,1250,1.0,0.0,3,3,5,3,10,106,608,2.87964
4,0.005,8,1250,1.0,0.0,3,3,5,3,10,106,609,2.86748
4,0.005,8,1250,1.0,0.0,3,3,5,3,10,106,610,2.85533
4,0.005,8,1250,1.0,0.0,3,3,5,3,10,106,611,2.8432
4,0.005,8,1250,1.0,0.0,3,3,5,3,10,106,612,2.83106
4,0.005,8,1250,1.0,0.0,3,3,5,3,10,106,613,2.81894
4,0.005,8,1250,1.0,0.0,3,3,5,3,10,106,614,2.80683
4,0.005,8,1250,1.0,0.0,3,3,5,3,10,106,615,2.79472
4,0.005,8,1250,1.0,0.0,3,3,5,3,10,106,616,2.78262
4,0.005,8,1250,1.0,0.0,3,3,5,3,10,106,617,2.77053
4,0.005,8,1250,1.0,0.0,3,3,5,3,10,106,618,2.75844
4,0.005,8,1250,1.0,0.0,3,3,5,3,10,106,619,2.74636
4,0.005,8,1250,1.0,0.0,3,3,5,3,10,106,620,2.73429
4,0.005,8,1250,1.0,0.0,3,3,5,3,10,106,621,2.72222
4,0.005,8,1250,1.0,0.0,3,3,5,3,10,106,622,2.71015
4,0.005,8,1250,1.0,0.0,3,3,5,3,10,106,623,2.69809
4,0.005,8,1250,1.0,0.0,3,3,5,3,10,106,624,2.68603
4,0.005,8,1250,1.0,0.0,3,3,5,3,10,106,625,2.67398
4,0.005,8,1250,1.0,0.0,3,3,5,3,10,106,626,2.66193
4,0.005,8,1250,1.0,0.0,3,3,5,3,10,106,627,2.64988
4,0.005,8,1250,1.0,0.0,3,3,5,3,10,106,628,2.63784
4,0.005,8,1250,1.0,0.0,3,3,5,3,10,106,629,2.62579
4,0.005,8,1250,1.0,0.0,3,3,5,3,10,106,630,2.61374
4,0.005,8,1250,1.0,0.0,3,3,5,3,10,106,631,2.6017
4,0.005,8,1250,1.0,0.0,3,3,5,3,10,106,632,2.58965
4,0.005,8,1250,1.0,0.0,3,3,5,3,10,106,633,2.5776
4,0.005,8,1250,1.0,0.0,3,3,5,3,10,106,634,2.56555
4,0.005,8,1250,1.0,0.0,3,3,5,3,10,106,635,2.55349
4,0.005,8,1250,1.0,0.0,3,3,5,3,10,106,636,2.54144
4,0.005,8,1250,1.0,0.0,3,3,5,3,10,106,637,2.52937
4,0.005,8,1250,1.0,0.0,3,3,5,3,10,106,638,2.51731
4,0.005,8,1250,1.0,0.0,3,3,5,3,10,106,639,2.50524
4,0.005,8,1250,1.0,0.0,3,3,5,3,10,106,640,2.49316
4,0.005,8,1250,1.0,0.0,3,3,5,3,10,106,641,2.48108
4,0.005,8,1250,1.0,0.0,3,3,5,3,10,106,642,2.46899
4,0.005,8,1250,1.0,0.0,3,3,5,3,10,106,643,2.4569
4,0.005,8,1250,1.0,0.0,3,3,5,3,10,106,644,2.4448
4,0.005,8,1250,1.0,0.0,3,3,5,3,10,106,645,2.4327
4,0.005,8,1250,1.0,0.0,3,3,5,3,10,106,646,2.42058
4,0.005,8,1250,1.0,0.0,3,3,5,3,10,106,647,2.40847
4,0.005,8,1250,1.0,0.0,3,3,5,3,10,106,648,2.39635
4,0.005,8,1250,1.0,0.0,3,3,5,3,10,106,649,2.38423
4,0.005,8,1250,1.0,0.0,3,3,5,3,10,106,650,2.3721
4,0.005,8,1250,1.0,0.0,3,3,5,3,10,106,651,2.35997
4,0.005,8,1250,1.0,0.0,3,3,5,3,10,106,652,2.34785
4,0.005,8,1250,1.0,0.0,3,3,5,3,10,106,653,2.33573
4,0.005,8,1250,1.0,0.0,3,3,5,3,10,106,654,2.32361
4,0.005,8,1250,1.0,0.0,3,3,5,3,10,106,655,2.3115
4,0.005,8,1250,1.0,0.0,3,3,5,3,10,106,656,2.2994
4,0.005,8,1250,1.0,0.0,3,3,5,3,10,106,657,2.28732
4,0.005,8,1250,1.0,0.0,3,3,5,3,10,106,658,2.27525
4,0.005,8,1250,1.0,0.0,3,3,5,3,10,106,659,2.26319
4,0.005,8,1250,1.0,0.0,3,3,5,3,10,106,660,2.25116
4,0.005,8,1250,1.0,0.0,3,3,5,3,10,106,661,2.23915
4,0.005,8,1250,1.0,0.0,3,3,5,3,10,106,662,2.22717
4,0.005,8,1250,1.0,0.0,3,3,5,3,10,106,663,2.21521
4,0.005,8,1250,1.0,0.0,3,3,5,3,10,106,664,2.20328
4,0.005,8,1250,1.0,0.0,3,3,5,3,10,106,665,2.19138
4,0.005,8,1250,1.0,0.0,3,3,5,3,10,106,666,2.17951
4,0.005,8,1250,1.0,0.0,3,3,5,3,10,106,667,2.16767
4,0.005,8,1250,1.0,0.0,3,3,5,3,10,106,668,2.15586
4,0.005,8,1250,1.0,0.0,3,3,5,3,10,106,669,2.14409
4,0.005,8,1250,1.0,0.0,3,3,5,3,10,106,670,2.13235
4,0.005,8,1250,1.0,0.0,3,3,5,3,10,106,671,2.12063
4,0.005,8,1250,1.0,0.0,3,3,5,3,10,106,672,2.10896
4,0.005,8,1250,1.0,0.0,3,3,5,3,10,106,673,2.09731
4,0.005,8,1250,1.0,0.0,3,3,5,3,10,106,674,2.08569
4,0.005,8,1250,1.0,0.0,3,3,5,3,10,106,675,2.0741
4,0.005,8,1250,1.0,0.0,3,3,5,3,10,106,676,2.06254
4,0.005,8,1250,1.0,0.0,3,3,5,3,10,106,677,2.05101
4,0.005,8,1250,1.0,0.0,3,3,5,3,10,106,678,2.0395
4,0.005,8,1250,1.0,0.0,3,3,5,3,10,106,679,2.02802
4,0.005,8,1250,1.0,0.0,3,3,5,3,10,106,680,2.01656
4,0.005,8,1250,1.0,0.0,3,3,5,3,10,106,681,2.00513
4,0.005,8,1250,1.0,0.0,3,3,5,3,10,106,682,1.99371
4,0.005,8,1250,1.0,0.0,3,3,5,3,10,106,683,1.98231
4,0.005,8,1250,1.0,0.0,3,3,5,3,10,106,684,1.97093
4,0.005,8,1250,1.0,0.0,3,3,5,3,10,106,685,1.95957
4,0.005,8,1250,1.0,0.0,3,3,5,3,10,106,686,1.94823
4,0.005,8,1250,1.0,0.0,3,3,5,3,10,106,687,1.93689
4,0.005,8,1250,1.0,0.0,3,3,5,3,10,106,688,1.92557
4,0.005,8,1250,1.0,0.0,3,3,5,3,10,106,689,1.91427
4,0.005,8,1250,1.0,0.0,3,3,5,3,10,106,690,1.90297
4,0.005,8,1250,1.0,0.0,3,3,5,3,10,106,691,1.89168
4,0.005,8,1250,1.0,0.0,3,3,5,3,10,106,692,1.88041
4,0.005,8,1250,1.0,0.0,3,3,5,3,10,106,693,1.86913
4,0.005,8,1250,1.0,0.0,3,3,5,3,10,106,694,1.85787
4,0.005,8,1250,1.0,0.0,3,3,5,3,10,106,695,1.84661
4,0.005,8,1250,1.0,0.0,3,3,5,3,10,106,696,1.83535
4,0.005,8,1250,1.0,0.0,3,3,5,3,10,106,697,1.82409
4,0.005,8,1250,1.0,0.0,3,3,5,3,10,106,698,1.81283
4,0.005,8,1250,1.0,0.0,3,3,5,3,10,106,699,1.80157
4,0.005,8,1250,1.0,0.0,3,3,5,3,10,106,700,1.79031
4,0.005,8,1250,1.0,0.0,3,3,5,3,10,106,-1,11.0703
4,0.005,8,1250,1.0,0.0,3,3,5,3,10,106,701,1.77904
4,0.005,8,1250,1.0,0.0,3,3,5,3,10,106,702,1.76776
4,0.005,8,1250,1.0,0.0,3,3,5,3,10,106,703,1.75647
4,0.005,8,1250,1.0,0.0,3,3,5,3,10,106,704,1.74518
4,0.005,8,1250,1.0,0.0,3,3,5,3,10,106,705,1.73386
4,0.005,8,1250,1.0,0.0,3,3,5,3,10,106,706,1.72254
4,0.005,8,1250,1.0,0.0,3,3,5,3,10,106,707,1.71119
4,0.005,8,1250,1.0,0.0,3,3,5,3,10,106,708,1.69983
4,0.005,8,1250,1.0,0.0,3,3,5,3,10,106,709,1.68844
4,0.005,8,1250,1.0,0.0,3,3,5,3,10,106,710,1.67703
4,0.005,8,1250,1.0,0.0,3,3,5,3,10,106,711,1.66559
4,0.005,8,1250,1.0,0.0,3,3,5,3,10,106,712,1.65412
4,0.005,8,1250,1.0,0.0,3,3,5,3,10,106,713,1.64261
4,0.005,8,1250,1.0,0.0,3,3,5,3,10,106,714,1.63108
4,0.005,8,1250,1.0,0.0,3,3,5,3,10,106,715,1.6195
4,0.005,8,1250,1.0,0.0,3,3,5,3,10,106,716,1.60788
4,0.005,8,1250,1.0,0.0,3,3,5,3,10,106,717,1.59622
4,0.005,8,1250,1.0,0.0,3,3,5,3,10,106,718,1.58451
4,0.005,8,1250,1.0,0.0,3,3,5,3,10,106,719,1.57275
4,0.005,8,1250,1.0,0.0,3,3,5,3,10,106,720,1.56094
4,0.005,8,1250,1.0,0.0,3,3,5,3,10,106,721,1.54907
4,0.005,8,1250,1.0,0.0,3,3,5,3,10,106,722,1.53714
4,0.005,8,1250,1.0,0.0,3,3,5,3,10,106,723,1.52515
4,0.005,8,1250,1.0,0.0,3,3,5,3,10,106,724,1.51309
4,0.005,8,1250,1.0,0.0,3,3,5,3,10,106,725,1.50097
4,0.005,8,1250,1.0,0.0,3,3,5,3,10,106,726,1.48877
4,0.005,8,1250,1.0,0.0,3,3,5,3,10,106,727,1.47651
4,0.005,8,1250,1.0,0.0,3,3,5,3,10,106,728,1.46416
4,0.005,8,1250,1.0,0.0,3,3,5,3,10,106,729,1.45174
4,0.005,8,1250,1.0,0.0,3,3,5,3,10,106,730,1.43924
4,0.005,8,1250,1.0,0.0,3,3,5,3,10,106,731,1.42666
4,0.005,8,1250,1.0,0.0,3,3,5,3,10,106,732,1.41399
4,0.005,8,1250,1.0,0.0,3,3,5,3,10,106,733,1.40125
4,0.005,8,1250,1.0,0.0,3,3,5,3,10,106,734,1.38843
4,0.005,8,1250,1.0,0.0,3,3,5,3,10,106,735,1.37552
4,0.005,8,1250,1.0,0.0,3,3,5,3,10,106,736,1.36254
4,0.005,8,1250,1.0,0.0,3,3,5,3,10,106,737,1.34949
4,0.005,8,1250,1.0,0.0,3,3,5,3,10,106,738,1.33636
4,0.005,8,1250,1.0,0.0,3,3,5,3,10,106,739,1.32317
4,0.005,8,1250,1.0,0.0,3,3,5,3,10,106,740,1.30992
4,0.005,8,1250,1.0,0.0,3,3,5,3,10,106,741,1.29662
4,0.005,8,1250,1.0,0.0,3,3,5,3,10,106,742,1.28326
4,0.005,8,1250,1.0,0.0,3,3,5,3,10,106,743,1.26987
4,0.005,8,1250,1.0,0.0,3,3,5,3,10,106,744,1.25645
4,0.005,8,1250,1.0,0.0,3,3,5,3,10,106,745,1.243
4,0.005,8,1250,1.0,0.0,3,3,5,3,10,106,746,1.22953
4,0.005,8,1250,1.0,0.0,3,3,5,3,10,106,747,1.21606
4,0.005,8,1250,1.0,0.0,3,3,5,3,10,106,748,1.20258
4,0.005,8,1250,1.0,0.0,3,3,5,3,10,106,749,1.18911
4,0.005,8,1250,1.0,0.0,3,3,5,3,10,106,750,1.17564
4,0.005,8,1250,1.0,0.0,3,3,5,3,10,106,751,1.16219
4,0.005,8,1250,1.0,0.0,3,3,5,3,10,106,752,1.14874
4,0.005,8,1250,1.0,0.0,3,3,5,3,10,106,753,1.13531
4,0.005,8,1250,1.0,0.0,3,3,5,3,10,106,754,1.12189
4,0.005,8,1250,1.0,0.0,3,3,5,3,10,106,755,1.10848
4,0.005,8,1250,1.0,0.0,3,3,5,3,10,106,756,1.09508
4,0.005,8,1250,1.0,0.0,3,3,5,3,10,106,757,1.08168
4,0.005,8,1250,1.0,0.0,3,3,5,3,10,106,758,1.06828
4,0.005,8,1250,1.0,0.0,3,3,5,3,10,106,759,1.05489
4,0.005,8,1250,1.0,0.0,3,3,5,3,10,106,760,1.04149
4,0.005,8,1250,1.0,0.0,3,3,5,3,10,106,761,1.02809
4,0.005,8,1250,1.0,0.0,3,3,5,3,10,106,762,1.01468
4,0.005,8,1250,1.0,0.0,3,3,5,3,10,106,763,1.00127
4,0.005,8,1250,1.0,0.0,3,3,5,3,10,106,764,0.98786
4,0.005,8,1250,1.0,0.0,3,3,5,3,10,106,765,0.974444
4,0.005,8,1250,1.0,0.0,3,3,5,3,10,106,766,0.961027
4,0.005,8,1250,1.0,0.0,3,3,5,3,10,106,767,0.947609
4,0.005,8,1250,1.0,0.0,3,3,5,3,10,106,768,0.934193
4,0.005,8,1250,1.0,0.0,3,3,5,3,10,106,769,0.920779
4,0.005,8,1250,1.0,0.0,3,3,5,3,10,106,770,0.907365
4,0.005,8,1250,1.0,0.0,3,3,5,3,10,106,771,0.893954
4,0.005,8,1250,1.0,0.0,3,3,5,3,10,106,772,0.880545
4,0.005,8,1250,1.0,0.0,3,3,5,3,10,106,773,0.867142
4,0.005,8,1250,1.0,0.0,3,3,5,3,10,106,774,0.853757
4,0.005,8,1250,1.0,0.0,3,3,5,3,10,106,775,0.840455
4,0.005,8,1250,1.0,0.0,3,3,5,3,10,106,776,0.827548
4,0.005,8,1250,1.0,0.0,3,3,5,3,10,106,777,0.816711
4,0.005,8,1250,1.0,0.0,3,3,5,3,10,106,778,0.816692
4,0.005,8,1250,1.0,0.0,3,3,5,3,10,106,779,0.875333
4,0.005,8,1250,1.0,0.0,3,3,5,3,10,106,780,1.06361
4,0.005,8,1250,1.0,0.0,3,3,5,3,10,106,781,1.29151
4,0.005,8,1250,1.0,0.0,3,3,5,3,10,106,782,0.810899
4,0.005,8,1250,1.0,0.0,3,3,5,3,10,106,783,0.854602
4,0.005,8,1250,1.0,0.0,3,3,5,3,10,106,784,1.27385
4,0.005,8,1250,1.0,0.0,3,3,5,3,10,106,785,0.793813
4,0.005,8,1250,1.0,0.0,3,3,5,3,10,106,786,0.835161
4,0.005,8,1250,1.0,0.0,3,3,5,3,10,106,787,1.19335
4,0.005,8,1250,1.0,0.0,3,3,5,3,10,106,788,0.700511
4,0.005,8,1250,1.0,0.0,3,3,5,3,10,106,789,0.942344
4,0.005,8,1250,1.0,0.0,3,3,5,3,10,106,790,0.940108
4,0.005,8,1250,1.0,0.0,3,3,5,3,10,106,791,0.690184
4,0.005,8,1250,1.0,0.0,3,3,5,3,10,106,792,1.1665
4,0.005,8,1250,1.0,0.0,3,3,5,3,10,106,793,0.6763
4,0.005,8,1250,1.0,0.0,3,3,5,3,10,106,794,0.815396
4,0.005,8,1250,1.0,0.0,3,3,5,3,10,106,795,0.777484
4,0.005,8,1250,1.0,0.0,3,3,5,3,10,106,796,0.606437
4,0.005,8,1250,1.0,0.0,3,3,5,3,10,106,797,0.761731
4,0.005,8,1250,1.0,0.0,3,3,5,3,10,106,798,0.618324
4,0.005,8,1250,1.0,0.0,3,3,5,3,10,106,799,0.588777
4,0.005,8,1250,1.0,0.0,3,3,5,3,10,106,800,0.671909
4,0.005,8,1250,1.0,0.0,3,3,5,3,10,106,-1,11.7816
4,0.005,8,1250,1.0,0.0,3,3,5,3,10,106,801,0.564016
4,0.005,8,1250,1.0,0.0,3,3,5,3,10,106,802,0.549347
4,0.005,8,1250,1.0,0.0,3,3,5,3,10,106,803,0.613632
4,0.005,8,1250,1.0,0.0,3,3,5,3,10,106,804,0.538151
4,0.005,8,1250,1.0,0.0,3,3,5,3,10,106,805,0.493001
4,0.005,8,1250,1.0,0.0,3,3,5,3,10,106,806,0.51511
4,0.005,8,1250,1.0,0.0,3,3,5,3,10,106,807,0.537667
4,0.005,8,1250,1.0,0.0,3,3,5,3,10,106,808,0.514623
4,0.005,8,1250,1.0,0.0,3,3,5,3,10,106,809,0.456275
4,0.005,8,1250,1.0,0.0,3,3,5,3,10,106,810,0.432148
4,0.005,8,1250,1.0,0.0,3,3,5,3,10,106,811,0.429542
4,0.005,8,1250,1.0,0.0,3,3,5,3,10,106,812,0.454702
4,0.005,8,1250,1.0,0.0,3,3,5,3,10,106,813,0.507552
4,0.005,8,1250,1.0,0.0,3,3,5,3,10,106,814,0.460525
4,0.005,8,1250,1.0,0.0,3,3,5,3,10,106,815,0.42433
4,0.005,8,1250,1.0,0.0,3,3,5,3,10,106,816,0.40093
4,0.005,8,1250,1.0,0.0,3,3,5,3,10,106,817,0.414411
4,0.005,8,1250,1.0,0.0,3,3,5,3,10,106,818,0.444758
4,0.005,8,1250,1.0,0.0,3,3,5,3,10,106,819,0.474623
4,0.005,8,1250,1.0,0.0,3,3,5,3,10,106,820,0.377565
4,0.005,8,1250,1.0,0.0,3,3,5,3,10,106,821,0.349907
4,0.005,8,1250,1.0,0.0,3,3,5,3,10,106,822,0.374532
4,0.005,8,1250,1.0,0.0,3,3,5,3,10,106,823,0.468688
4,0.005,8,1250,1.0,0.0,3,3,5,3,10,106,824,0.365814
4,0.005,8,1250,1.0,0.0,3,3,5,3,10,106,825,0.331448
4,0.005,8,1250,1.0,0.0,3,3,5,3,10,106,826,0.365216
4,0.005,8,1250,1.0,0.0,3,3,5,3,10,106,827,0.466195
4,0.005,8,1250,1.0,0.0,3,3,5,3,10,106,828,0.299066
4,0.005,8,1250,1.0,0.0,3,3,5,3,10,106,829,0.27729
4,0.005,8,1250,1.0,0.0,3,3,5,3,10,106,830,0.344691
4,0.005,8,1250,1.0,0.0,3,3,5,3,10,106,831,0.493606
4,0.005,8,1250,1.0,0.0,3,3,5,3,10,106,832,0.234491
4,0.005,8,1250,1.0,0.0,3,3,5,3,10,106,833,0.205414
4,0.005,8,1250,1.0,0.0,3,3,5,3,10,106,834,0.302187
4,0.005,8,1250,1.0,0.0,3,3,5,3,10,106,835,0.566035
4,0.005,8,1250,1.0,0.0,3,3,5,3,10,106,836,0.220171
4,0.005,8,1250,1.0,0.0,3,3,5,3,10,106,837,0.224667
4,0.005,8,1250,1.0,0.0,3,3,5,3,10,106,838,0.558015
4,0.005,8,1250,1.0,0.0,3,3,5,3,10,106,839,0.261487
4,0.005,8,1250,1.0,0.0,3,3,5,3,10,106,840,0.168359
4,0.005,8,1250,1.0,0.0,3,3,5,3,10,106,841,0.267227
4,0.005,8,1250,1.0,0.0,3,3,5,3,10,106,842,0.324952
4,0.005,8,1250,1.0,0.0,3,3,5,3,10,106,843,0.470445
4,0.005,8,1250,1.0,0.0,3,3,5,3,10,106,844,0.21667
4,0.005,8,1250,1.0,0.0,3,3,5,3,10,106,845,0.274918
4,0.005,8,1250,1.0,0.0,3,3,5,3,10,106,846,0.541201
4,0.005,8,1250,1.0,0.0,3,3,5,3,10,106,847,0.144736
4,0.005,8,1250,1.0,0.0,3,3,5,3,10,106,848,0.344238
4,0.005,8,1250,1.0,0.0,3,3,5,3,10,106,849,0.46803
4,0.005,8,1250,1.0,0.0,3,3,5,3,10,106,850,0.145579
4,0.005,8,1250,1.0,0.0,3,3,5,3,10,106,851,0.5931
4,0.005,8,1250,1.0,0.0,3,3,5,3,10,106,852,0.258469
4,0.005,8,1250,1.0,0.0,3,3,5,3,10,106,853,0.609646
4,0.005,8,1250,1.0,0.0,3,3,5,3,10,106,854,0.463798
4,0.005,8,1250,1.0,0.0,3,3,5,3,10,106,855,0.498865
4,0.005,8,1250,1.0,0.0,3,3,5,3,10,106,856,0.279356
4,0.005,8,1250,1.0,0.0,3,3,5,3,10,106,857,0.390444
4,0.005,8,1250,1.0,0.0,3,3,5,3,10,106,858,0.333814
4,0.005,8,1250,1.0,0.0,3,3,5,3,10,106,859,0.261521
4,0.005,8,1250,1.0,0.0,3,3,5,3,10,106,860,0.431728
4,0.005,8,1250,1.0,0.0,3,3,5,3,10,106,861,0.27426
4,0.005,8,1250,1.0,0.0,3,3,5,3,10,106,862,0.268677
4,0.005,8,1250,1.0,0.0,3,3,5,3,10,106,863,0.48526
4,0.005,8,1250,1.0,0.0,3,3,5,3,10,106,864,0.283477
4,0.005,8,1250,1.0,0.0,3,3,5,3,10,106,865,0.634812
4,0.005,8,1250,1.0,0.0,3,3,5,3,10,106,866,0.556326
4,0.005,8,1250,1.0,0.0,3,3,5,3,10,106,867,0.496838
4,0.005,8,1250,1.0,0.0,3,3,5,3,10,106,868,0.46235
4,0.005,8,1250,1.0,0.0,3,3,5,3,10,106,869,0.415575
4,0.005,8,1250,1.0,0.0,3,3,5,3,10,106,870,0.486528
4,0.005,8,1250,1.0,0.0,3,3,5,3,10,106,871,0.210169
4,0.005,8,1250,1.0,0.0,3,3,5,3,10,106,872,0.291974
4,0.005,8,1250,1.0,0.0,3,3,5,3,10,106,873,0.323867
4,0.005,8,1250,1.0,0.0,3,3,5,3,10,106,874,0.167538
4,0.005,8,1250,1.0,0.0,3,3,5,3,10,106,875,0.409328
4,0.005,8,1250,1.0,0.0,3,3,5,3,10,106,876,0.228418
4,0.005,8,1250,1.0,0.0,3,3,5,3,10,106,877,0.472894
4,0.005,8,1250,1.0,0.0,3,3,5,3,10,106,878,0.335555
4,0.005,8,1250,1.0,0.0,3,3,5,3,10,106,879,0.511002
4,0.005,8,1250,1.0,0.0,3,3,5,3,10,106,880,0.469796
4,0.005,8,1250,1.0,0.0,3,3,5,3,10,106,881,0.299694
4,0.005,8,1250,1.0,0.0,3,3,5,3,10,106,882,0.326183
4,0.005,8,1250,1.0,0.0,3,3,5,3,10,106,883,0.313297
4,0.005,8,1250,1.0,0.0,3,3,5,3,10,106,884,0.24556
4,0.005,8,1250,1.0,0.0,3,3,5,3,10,106,885,0.402655
4,0.005,8,1250,1.0,0.0,3,3,5,3,10,106,886,0.36572
4,0.005,8,1250,1.0,0.0,3,3,5,3,10,106,887,0.299531
4,0.005,8,1250,1.0,0.0,3,3,5,3,10,106,888,0.259294
4,0.005,8,1250,1.0,0.0,3,3,5,3,10,106,889,0.35065
4,0.005,8,1250,1.0,0.0,3,3,5,3,10,106,890,0.297232
4,0.005,8,1250,1.0,0.0,3,3,5,3,10,106,891,0.296656
4,0.005,8,1250,1.0,0.0,3,3,5,3,10,106,892,0.299529
4,0.005,8,1250,1.0,0.0,3,3,5,3,10,106,893,0.226496
4,0.005,8,1250,1.0,0.0,3,3,5,3,10,106,894,0.188685
4,0.005,8,1250,1.0,0.0,3,3,5,3,10,106,895,0.327036
4,0.005,8,1250,1.0,0.0,3,3,5,3,10,106,896,0.222262
4,0.005,8,1250,1.0,0.0,3,3,5,3,10,106,897,0.372088
4,0.005,8,1250,1.0,0.0,3,3,5,3,10,106,898,0.349842
4,0.005,8,1250,1.0,0.0,3,3,5,3,10,106,899,0.208232
4,0.005,8,1250,1.0,0.0,3,3,5,3,10,106,900,0.24004
4,0.005,8,1250,1.0,0.0,3,3,5,3,10,106,-1,10.0312
4,0.005,8,1250,1.0,0.0,3,3,5,3,10,106,901,0.2257
4,0.005,8,1250,1.0,0.0,3,3,5,3,10,106,902,0.183016
4,0.005,8,1250,1.0,0.0,3,3,5,3,10,106,903,0.273513
4,0.005,8,1250,1.0,0.0,3,3,5,3,10,106,904,0.203848
4,0.005,8,1250,1.0,0.0,3,3,5,3,10,106,905,0.296525
4,0.005,8,1250,1.0,0.0,3,3,5,3,10,106,906,0.267994
4,0.005,8,1250,1.0,0.0,3,3,5,3,10,106,907,0.238506
4,0.005,8,1250,1.0,0.0,3,3,5,3,10,106,908,0.222599
4,0.005,8,1250,1.0,0.0,3,3,5,3,10,106,909,0.251679
4,0.005,8,1250,1.0,0.0,3,3,5,3,10,106,910,0.204758
4,0.005,8,1250,1.0,0.0,3,3,5,3,10,106,911,0.750034
4,0.005,8,1250,1.0,0.0,3,3,5,3,10,106,912,1.09791
4,0.005,8,1250,1.0,0.0,3,3,5,3,10,106,913,1.83374
4,0.005,8,1250,1.0,0.0,3,3,5,3,10,106,914,1.0347
4,0.005,8,1250,1.0,0.0,3,3,5,3,10,106,915,0.970157
4,0.005,8,1250,1.0,0.0,3,3,5,3,10,106,916,1.13154
4,0.005,8,1250,1.0,0.0,3,3,5,3,10,106,917,0.936072
4,0.005,8,1250,1.0,0.0,3,3,5,3,10,106,918,1.00356
4,0.005,8,1250,1.0,0.0,3,3,5,3,10,106,919,0.915126
4,0.005,8,1250,1.0,0.0,3,3,5,3,10,106,920,0.736507
4,0.005,8,1250,1.0,0.0,3,3,5,3,10,106,921,0.868722
4,0.005,8,1250,1.0,0.0,3,3,5,3,10,106,922,0.89237
4,0.005,8,1250,1.0,0.0,3,3,5,3,10,106,923,0.821604
4,0.005,8,1250,1.0,0.0,3,3,5,3,10,106,924,0.720851
4,0.005,8,1250,1.0,0.0,3,3,5,3,10,106,925,0.746782
4,0.005,8,1250,1.0,0.0,3,3,5,3,10,106,926,0.545604
4,0.005,8,1250,1.0,0.0,3,3,5,3,10,106,927,0.669073
4,0.005,8,1250,1.0,0.0,3,3,5,3,10,106,928,0.761539
4,0.005,8,1250,1.0,0.0,3,3,5,3,10,106,929,0.681809
4,0.005,8,1250,1.0,0.0,3,3,5,3,10,106,930,0.465789
4,0.005,8,1250,1.0,0.0,3,3,5,3,10,106,931,0.534489
4,0.005,8,1250,1.0,0.0,3,3,5,3,10,106,932,0.528746
4,0.005,8,1250,1.0,0.0,3,3,5,3,10,106,933,0.402572
4,0.005,8,1250,1.0,0.0,3,3,5,3,10,106,934,0.527267
4,0.005,8,1250,1.0,0.0,3,3,5,3,10,106,935,0.479926
4,0.005,8,1250,1.0,0.0,3,3,5,3,10,106,936,0.339377
4,0.005,8,1250,1.0,0.0,3,3,5,3,10,106,937,0.405161
4,0.005,8,1250,1.0,0.0,3,3,5,3,10,106,938,0.270775
4,0.005,8,1250,1.0,0.0,3,3,5,3,10,106,939,0.355662
4,0.005,8,1250,1.0,0.0,3,3,5,3,10,106,940,0.324261
4,0.005,8,1250,1.0,0.0,3,3,5,3,10,106,941,0.229079
4,0.005,8,1250,1.0,0.0,3,3,5,3,10,106,942,0.270769
4,0.005,8,1250,1.0,0.0,3,3,5,3,10,106,943,0.205021
4,0.005,8,1250,1.0,0.0,3,3,5,3,10,106,944,0.222997
4,0.005,8,1250,1.0,0.0,3,3,5,3,10,106,945,0.188913
4,0.005,8,1250,1.0,0.0,3,3,5,3,10,106,946,0.173743
4,0.005,8,1250,1.0,0.0,3,3,5,3,10,106,947,0.18712
4,0.005,8,1250,1.0,0.0,3,3,5,3,10,106,948,0.138407
4,0.005,8,1250,1.0,0.0,3,3,5,3,10,106,949,0.174623
4,0.005,8,1250,1.0,0.0,3,3,5,3,10,106,950,0.137742
4,0.005,8,1250,1.0,0.0,3,3,5,3,10,106,951,0.140838
4,0.005,8,1250,1.0,0.0,3,3,5,3,10,106,952,0.115541
4,0.005,8,1250,1.0,0.0,3,3,5,3,10,106,953,0.132129
4,0.005,8,1250,1.0,0.0,3,3,5,3,10,106,954,0.123618
4,0.005,8,1250,1.0,0.0,3,3,5,3,10,106,955,0.113384
4,0.005,8,1250,1.0,0.0,3,3,5,3,10,106,956,0.078786
4,0.005,8,1250,1.0,0.0,3,3,5,3,10,106,957,0.0718512
4,0.005,8,1250,1.0,0.0,3,3,5,3,10,106,958,0.118407
4,0.005,8,1250,1.0,0.0,3,3,5,3,10,106,959,0.109127
4,0.005,8,1250,1.0,0.0,3,3,5,3,10,106,960,0.0652622
4,0.005,8,1250,1.0,0.0,3,3,5,3,10,106,961,0.0958451
4,0.005,8,1250,1.0,0.0,3,3,5,3,10,106,962,0.159082
4,0.005,8,1250,1.0,0.0,3,3,5,3,10,106,963,0.0801571
4,0.005,8,1250,1.0,0.0,3,3,5,3,10,106,964,0.124719
4,0.005,8,1250,1.0,0.0,3,3,5,3,10,106,965,0.0478572
4,0.005,8,1250,1.0,0.0,3,3,5,3,10,106,966,0.182766
4,0.005,8,1250,1.0,0.0,3,3,5,3,10,106,967,0.0856665
4,0.005,8,1250,1.0,0.0,3,3,5,3,10,106,968,0.242965
4,0.005,8,1250,1.0,0.0,3,3,5,3,10,106,969,0.246082
4,0.005,8,1250,1.0,0.0,3,3,5,3,10,106,970,0.106679
4,0.005,8,1250,1.0,0.0,3,3,5,3,10,106,971,0.198631
4,0.005,8,1250,1.0,0.0,3,3,5,3,10,106,972,0.193923
4,0.005,8,1250,1.0,0.0,3,3,5,3,10,106,973,0.101342
4,0.005,8,1250,1.0,0.0,3,3,5,3,10,106,974,0.193922
4,0.005,8,1250,1.0,0.0,3,3,5,3,10,106,975,0.14789
4,0.005,8,1250,1.0,0.0,3,3,5,3,10,106,976,0.152135
4,0.005,8,1250,1.0,0.0,3,3,5,3,10,106,977,0.162302
4,0.005,8,1250,1.0,0.0,3,3,5,3,10,106,978,0.11956
4,0.005,8,1250,1.0,0.0,3,3,5,3,10,106,979,0.153749
4,0.005,8,1250,1.0,0.0,3,3,5,3,10,106,980,0.11825
4,0.005,8,1250,1.0,0.0,3,3,5,3,10,106,981,0.15935
4,0.005,8,1250,1.0,0.0,3,3,5,3,10,106,982,0.122428
4,0.005,8,1250,1.0,0.0,3,3,5,3,10,106,983,0.165828
4,0.005,8,1250,1.0,0.0,3,3,5,3,10,106,984,0.153521
4,0.005,8,1250,1.0,0.0,3,3,5,3,10,106,985,0.131525
4,0.005,8,1250,1.0,0.0,3,3,5,3,10,106,986,0.145976
4,0.005,8,1250,1.0,0.0,3,3,5,3,10,106,987,0.123052
4,0.005,8,1250,1.0,0.0,3,3,5,3,10,106,988,0.113163
4,0.005,8,1250,1.0,0.0,3,3,5,3,10,106,989,0.11638
4,0.005,8,1250,1.0,0.0,3,3,5,3,10,106,990,0.122417
4,0.005,8,1250,1.0,0.0,3,3,5,3,10,106,991,0.0993161
4,0.005,8,1250,1.0,0.0,3,3,5,3,10,106,992,0.101038
4,0.005,8,1250,1.0,0.0,3,3,5,3,10,106,993,0.113377
4,0.005,8,1250,1.0,0.0,3,3,5,3,10,106,994,0.0753591
4,0.005,8,1250,1.0,0.0,3,3,5,3,10,106,995,0.172191
4,0.005,8,1250,1.0,0.0,3,3,5,3,10,106,996,0.0641164
4,0.005,8,1250,1.0,0.0,3,3,5,3,10,106,997,0.235839
4,0.005,8,1250,1.0,0.0,3,3,5,3,10,106,998,0.216797
4,0.005,8,1250,1.0,0.0,3,3,5,3,10,106,999,0.121755
4,0.005,8,1250,1.0,0.0,3,3,5,3,10,106,1000,0.180683
4,0.005,8,1250,1.0,0.0,3,3,5,3,10,106,-1,10.7114
4,0.005,8,1250,1.0,0.0,3,3,5,3,10,106,1001,0.104548
4,0.005,8,1250,1.0,0.0,3,3,5,3,10,106,1002,0.208931
4,0.005,8,1250,1.0,0.0,3,3,5,3,10,106,1003,0.155875
4,0.005,8,1250,1.0,0.0,3,3,5,3,10,106,1004,0.189226
4,0.005,8,1250,1.0,0.0,3,3,5,3,10,106,1005,0.187213
4,0.005,8,1250,1.0,0.0,3,3,5,3,10,106,1006,0.144525
4,0.005,8,1250,1.0,0.0,3,3,5,3,10,106,1007,0.164656
4,0.005,8,1250,1.0,0.0,3,3,5,3,10,106,1008,0.143698
4,0.005,8,1250,1.0,0.0,3,3,5,3,10,106,1009,0.167856
4,0.005,8,1250,1.0,0.0,3,3,5,3,10,106,1010,0.142512
4,0.005,8,1250,1.0,0.0,3,3,5,3,10,106,1011,0.168424
4,0.005,8,1250,1.0,0.0,3,3,5,3,10,106,1012,0.155431
4,0.005,8,1250,1.0,0.0,3,3,5,3,10,106,1013,0.136281
4,0.005,8,1250,1.0,0.0,3,3,5,3,10,106,1014,0.157207
4,0.005,8,1250,1.0,0.0,3,3,5,3,10,106,1015,0.109512
4,0.005,8,1250,1.0,0.0,3,3,5,3,10,106,1016,0.223939
4,0.005,8,1250,1.0,0.0,3,3,5,3,10,106,1017,0.211746
4,0.005,8,1250,1.0,0.0,3,3,5,3,10,106,1018,0.129748
4,0.005,8,1250,1.0,0.0,3,3,5,3,10,106,1019,0.142761
4,0.005,8,1250,1.0,0.0,3,3,5,3,10,106,1020,0.137961
4,0.005,8,1250,1.0,0.0,3,3,5,3,10,106,1021,0.128299
4,0.005,8,1250,1.0,0.0,3,3,5,3,10,106,1022,0.0970468
4,0.005,8,1250,1.0,0.0,3,3,5,3,10,106,1023,0.211751
4,0.005,8,1250,1.0,0.0,3,3,5,3,10,106,1024,0.184447
4,0.005,8,1250,1.0,0.0,3,3,5,3,10,106,1025,0.146719
4,0.005,8,1250,1.0,0.0,3,3,5,3,10,106,1026,0.145969
4,0.005,8,1250,1.0,0.0,3,3,5,3,10,106,1027,0.143781
4,0.005,8,1250,1.0,0.0,3,3,5,3,10,106,1028,0.118048
4,0.005,8,1250,1.0,0.0,3,3,5,3,10,106,1029,0.129253
4,0.005,8,1250,1.0,0.0,3,3,5,3,10,106,1030,0.128907
4,0.005,8,1250,1.0,0.0,3,3,5,3,10,106,1031,0.0795144
4,0.005,8,1250,1.0,0.0,3,3,5,3,10,106,1032,0.238757
4,0.005,8,1250,1.0,0.0,3,3,5,3,10,106,1033,0.219321
4,0.005,8,1250,1.0,0.0,3,3,5,3,10,106,1034,0.119709
4,0.005,8,1250,1.0,0.0,3,3,5,3,10,106,1035,0.137435
4,0.005,8,1250,1.0,0.0,3,3,5,3,10,106,1036,0.13272
4,0.005,8,1250,1.0,0.0,3,3,5,3,10,106,1037,0.103226
4,0.005,8,1250,1.0,0.0,3,3,5,3,10,106,1038,0.131137
4,0.005,8,1250,1.0,0.0,3,3,5,3,10,106,1039,0.0991644
4,0.005,8,1250,1.0,0.0,3,3,5,3,10,106,1040,0.0753338
4,0.005,8,1250,1.0,0.0,3,3,5,3,10,106,1041,0.188691
4,0.005,8,1250,1.0,0.0,3,3,5,3,10,106,1042,0.115045
4,0.005,8,1250,1.0,0.0,3,3,5,3,10,106,1043,0.238261
4,0.005,8,1250,1.0,0.0,3,3,5,3,10,106,1044,0.254211
4,0.005,8,1250,1.0,0.0,3,3,5,3,10,106,1045,0.0483336
4,0.005,8,1250,1.0,0.0,3,3,5,3,10,106,1046,0.191222
4,0.005,8,1250,1.0,0.0,3,3,5,3,10,106,1047,0.151019
4,0.005,8,1250,1.0,0.0,3,3,5,3,10,106,1048,0.136161
4,0.005,8,1250,1.0,0.0,3,3,5,3,10,106,1049,0.143162
4,0.005,8,1250,1.0,0.0,3,3,5,3,10,106,1050,0.096544
4,0.005,8,1250,1.0,0.0,3,3,5,3,10,106,1051,0.177416
4,0.005,8,1250,1.0,0.0,3,3,5,3,10,106,1052,0.133558
4,0.005,8,1250,1.0,0.0,3,3,5,3,10,106,1053,0.164748
4,0.005,8,1250,1.0,0.0,3,3,5,3,10,106,1054,0.170364
4,0.005,8,1250,1.0,0.0,3,3,5,3,10,106,1055,0.0923064
4,0.005,8,1250,1.0,0.0,3,3,5,3,10,106,1056,0.134328
4,0.005,8,1250,1.0,0.0,3,3,5,3,10,106,1057,0.0987859
4,0.005,8,1250,1.0,0.0,3,3,5,3,10,106,1058,0.142009
4,0.005,8,1250,1.0,0.0,3,3,5,3,10,106,1059,0.119107
4,0.005,8,1250,1.0,0.0,3,3,5,3,10,106,1060,0.133135
4,0.005,8,1250,1.0,0.0,3,3,5,3,10,106,1061,0.130085
4,0.005,8,1250,1.0,0.0,3,3,5,3,10,106,1062,0.0981133
4,0.005,8,1250,1.0,0.0,3,3,5,3,10,106,1063,0.111309
4,0.005,8,1250,1.0,0.0,3,3,5,3,10,106,1064,0.0720294
4,0.005,8,1250,1.0,0.0,3,3,5,3,10,106,1065,0.140968
4,0.005,8,1250,1.0,0.0,3,3,5,3,10,106,1066,0.0683695
4,0.005,8,1250,1.0,0.0,3,3,5,3,10,106,1067,0.192228
4,0.005,8,1250,1.0,0.0,3,3,5,3,10,106,1068,0.136579
4,0.005,8,1250,1.0,0.0,3,3,5,3,10,106,1069,0.187299
4,0.005,8,1250,1.0,0.0,3,3,5,3,10,106,1070,0.192298
4,0.005,8,1250,1.0,0.0,3,3,5,3,10,106,1071,0.0967053
4,0.005,8,1250,1.0,0.0,3,3,5,3,10,106,1072,0.11925
4,0.005,8,1250,1.0,0.0,3,3,5,3,10,106,1073,0.121943
4,0.005,8,1250,1.0,0.0,3,3,5,3,10,106,1074,0.08476
4,0.005,8,1250,1.0,0.0,3,3,5,3,10,106,1075,0.175758
4,0.005,8,1250,1.0,0.0,3,3,5,3,10,106,1076,0.15567
4,0.005,8,1250,1.0,0.0,3,3,5,3,10,106,1077,0.122929
4,0.005,8,1250,1.0,0.0,3,3,5,3,10,106,1078,0.118556
4,0.005,8,1250,1.0,0.0,3,3,5,3,10,106,1079,0.138834
4,0.005,8,1250,1.0,0.0,3,3,5,3,10,106,1080,0.0955119
4,0.005,8,1250,1.0,0.0,3,3,5,3,10,106,1081,0.188276
4,0.005,8,1250,1.0,0.0,3,3,5,3,10,106,1082,0.183672
4,0.005,8,1250,1.0,0.0,3,3,5,3,10,106,1083,0.0747984
4,0.005,8,1250,1.0,0.0,3,3,5,3,10,106,1084,0.0849531
4,0.005,8,1250,1.0,0.0,3,3,5,3,10,106,1085,0.133203
4,0.005,8,1250,1.0,0.0,3,3,5,3,10,106,1086,0.0900355
4,0.005,8,1250,1.0,0.0,3,3,5,3,10,106,1087,0.182264
4,0.005,8,1250,1.0,0.0,3,3,5,3,10,106,1088,0.174637
4,0.005,8,1250,1.0,0.0,3,3,5,3,10,106,1089,0.0887282
4,0.005,8,1250,1.0,0.0,3,3,5,3,10,106,1090,0.105516
4,0.005,8,1250,1.0,0.0,3,3,5,3,10,106,1091,0.114209
4,0.005,8,1250,1.0,0.0,3,3,5,3,10,106,1092,0.0745825
4,0.005,8,1250,1.0,0.0,3,3,5,3,10,106,1093,0.1789
4,0.005,8,1250,1.0,0.0,3,3,5,3,10,106,1094,0.163976
4,0.005,8,1250,1.0,0.0,3,3,5,3,10,106,1095,0.0901236
4,0.005,8,1250,1.0,0.0,3,3,5,3,10,106,1096,0.091766
4,0.005,8,1250,1.0,0.0,3,3,5,3,10,106,1097,0.1294
4,0.005,8,1250,1.0,0.0,3,3,5,3,10,106,1098,0.102539
4,0.005,8,1250,1.0,0.0,3,3,5,3,10,106,1099,0.140888
4,0.005,8,1250,1.0,0.0,3,3,5,3,10,106,1100,0.134551
4,0.005,8,1250,1.0,0.0,3,3,5,3,10,106,-1,9.09277
4,0.005,8,1250,1.0,0.0,3,3,5,3,10,106,1101,0.0936337
4,0.005,8,1250,1.0,0.0,3,3,5,3,10,106,1102,0.0805916
4,0.005,8,1250,1.0,0.0,3,3,5,3,10,106,1103,0.144851
4,0.005,8,1250,1.0,0.0,3,3,5,3,10,106,1104,0.132736
4,0.005,8,1250,1.0,0.0,3,3,5,3,10,106,1105,0.0933357
4,0.005,8,1250,1.0,0.0,3,3,5,3,10,106,1106,0.0872453
4,0.005,8,1250,1.0,0.0,3,3,5,3,10,106,1107,0.126802
4,0.005,8,1250,1.0,0.0,3,3,5,3,10,106,1108,0.105961
4,0.005,8,1250,1.0,0.0,3,3,5,3,10,106,1109,0.122499
4,0.005,8,1250,1.0,0.0,3,3,5,3,10,106,1110,0.115238
4,0.005,8,1250,1.0,0.0,3,3,5,3,10,106,1111,0.0995944
4,0.005,8,1250,1.0,0.0,3,3,5,3,10,106,1112,0.0909492
4,0.005,8,1250,1.0,0.0,3,3,5,3,10,106,1113,0.11536
4,0.005,8,1250,1.0,0.0,3,3,5,3,10,106,1114,0.0956906
4,0.005,8,1250,1.0,0.0,3,3,5,3,10,106,1115,0.123823
4,0.005,8,1250,1.0,0.0,3,3,5,3,10,106,1116,0.115694
4,0.005,8,1250,1.0,0.0,3,3,5,3,10,106,1117,0.0935875
4,0.005,8,1250,1.0,0.0,3,3,5,3,10,106,1118,0.0883829
4,0.005,8,1250,1.0,0.0,3,3,5,3,10,106,1119,0.106052
4,0.005,8,1250,1.0,0.0,3,3,5,3,10,106,1120,0.0822394
4,0.005,8,1250,1.0,0.0,3,3,5,3,10,106,1121,0.128881
4,0.005,8,1250,1.0,0.0,3,3,5,3,10,106,1122,0.120045
4,0.005,8,1250,1.0,0.0,3,3,5,3,10,106,1123,0.0847694
4,0.005,8,1250,1.0,0.0,3,3,5,3,10,106,1124,0.0914351
4,0.005,8,1250,1.0,0.0,3,3,5,3,10,106,1125,0.0896804
4,0.005,8,1250,1.0,0.0,3,3,5,3,10,106,1126,0.0718824
4,0.005,8,1250,1.0,0.0,3,3,5,3,10,106,1127,0.103829
4,0.005,8,1250,1.0,0.0,3,3,5,3,10,106,1128,0.0757663
4,0.005,8,1250,1.0,0.0,3,3,5,3,10,106,1129,0.124505
4,0.005,8,1250,1.0,0.0,3,3,5,3,10,106,1130,0.119788
4,0.005,8,1250,1.0,0.0,3,3,5,3,10,106,1131,0.0685898
4,0.005,8,1250,1.0,0.0,3,3,5,3,10,106,1132,0.0746589
4,0.005,8,1250,1.0,0.0,3,3,5,3,10,106,1133,0.109699
4,0.005,8,1250,1.0,0.0,3,3,5,3,10,106,1134,0.0883449
4,0.005,8,1250,1.0,0.0,3,3,5,3,10,106,1135,0.0900185
4,0.005,8,1250,1.0,0.0,3,3,5,3,10,106,1136,0.0811925
4,0.005,8,1250,1.0,0.0,3,3,5,3,10,106,1137,0.132156
4,0.005,8,1250,1.0,0.0,3,3,5,3,10,106,1138,0.116265
4,0.005,8,1250,1.0,0.0,3,3,5,3,10,106,1139,0.0958407
4,0.005,8,1250,1.0,0.0,3,3,5,3,10,106,1140,0.154247
4,0.005,8,1250,1.0,0.0,3,3,5,3,10,106,1141,0.0738965
4,0.005,8,1250,1.0,0.0,3,3,5,3,10,106,1142,0.268391
4,0.005,8,1250,1.0,0.0,3,3,5,3,10,106,1143,0.285464
4,0.005,8,1250,1.0,0.0,3,3,5,3,10,106,1144,0.134995
4,0.005,8,1250,1.0,0.0,3,3,5,3,10,106,1145,0.207249
4,0.005,8,1250,1.0,0.0,3,3,5,3,10,106,1146,0.210996
4,0.005,8,1250,1.0,0.0,3,3,5,3,10,106,1147,0.20044
4,0.005,8,1250,1.0,0.0,3,3,5,3,10,106,1148,0.117573
4,0.005,8,1250,1.0,0.0,3,3,5,3,10,106,1149,0.233946
4,0.005,8,1250,1.0,0.0,3,3,5,3,10,106,1150,0.248828
4,0.005,8,1250,1.0,0.0,3,3,5,3,10,106,1151,0.0356413
4,0.005,8,1250,1.0,0.0,3,3,5,3,10,106,1152,0.247871
4,0.005,8,1250,1.0,0.0,3,3,5,3,10,106,1153,0.230792
4,0.005,8,1250,1.0,0.0,3,3,5,3,10,106,1154,0.136852
4,0.005,8,1250,1.0,0.0,3,3,5,3,10,106,1155,0.159055
4,0.005,8,1250,1.0,0.0,3,3,5,3,10,106,1156,0.174622
4,0.005,8,1250,1.0,0.0,3,3,5,3,10,106,1157,0.141833
4,0.005,8,1250,1.0,0.0,3,3,5,3,10,106,1158,0.140348
4,0.005,8,1250,1.0,0.0,3,3,5,3,10,106,1159,0.142241
4,0.005,8,1250,1.0,0.0,3,3,5,3,10,106,1160,0.100252
4,0.005,8,1250,1.0,0.0,3,3,5,3,10,106,1161,0.117628
4,0.005,8,1250,1.0,0.0,3,3,5,3,10,106,1162,0.0757423
4,0.005,8,1250,1.0,0.0,3,3,5,3,10,106,1163,0.107996
4,0.005,8,1250,1.0,0.0,3,3,5,3,10,106,1164,0.0741769
4,0.005,8,1250,1.0,0.0,3,3,5,3,10,106,1165,0.127269
4,0.005,8,1250,1.0,0.0,3,3,5,3,10,106,1166,0.109206
4,0.005,8,1250,1.0,0.0,3,3,5,3,10,106,1167,0.114621
4,0.005,8,1250,1.0,0.0,3,3,5,3,10,106,1168,0.107472
4,0.005,8,1250,1.0,0.0,3,3,5,3,10,106,1169,0.0868247
4,0.005,8,1250,1.0,0.0,3,3,5,3,10,106,1170,0.104405
4,0.005,8,1250,1.0,0.0,3,3,5,3,10,106,1171,0.065355
4,0.005,8,1250,1.0,0.0,3,3,5,3,10,106,1172,0.119986
4,0.005,8,1250,1.0,0.0,3,3,5,3,10,106,1173,0.0729841
4,0.005,8,1250,1.0,0.0,3,3,5,3,10,106,1174,0.112823
4,0.005,8,1250,1.0,0.0,3,3,5,3,10,106,1175,0.0886333
4,0.005,8,1250,1.0,0.0,3,3,5,3,10,106,1176,0.0926363
4,0.005,8,1250,1.0,0.0,3,3,5,3,10,106,1177,0.0892265
4,0.005,8,1250,1.0,0.0,3,3,5,3,10,106,1178,0.0871389
4,0.005,8,1250,1.0,0.0,3,3,5,3,10,106,1179,0.0620113
4,0.005,8,1250,1.0,0.0,3,3,5,3,10,106,1180,0.117795
4,0.005,8,1250,1.0,0.0,3,3,5,3,10,106,1181,0.0883158
4,0.005,8,1250,1.0,0.0,3,3,5,3,10,106,1182,0.110309
4,0.005,8,1250,1.0,0.0,3,3,5,3,10,106,1183,0.0837307
4,0.005,8,1250,1.0,0.0,3,3,5,3,10,106,1184,0.109171
4,0.005,8,1250,1.0,0.0,3,3,5,3,10,106,1185,0.102647
4,0.005,8,1250,1.0,0.0,3,3,5,3,10,106,1186,0.0718263
4,0.005,8,1250,1.0,0.0,3,3,5,3,10,106,1187,0.118348
4,0.005,8,1250,1.0,0.0,3,3,5,3,10,106,1188,0.0547978
4,0.005,8,1250,1.0,0.0,3,3,5,3,10,106,1189,0.177724
4,0.005,8,1250,1.0,0.0,3,3,5,3,10,106,1190,0.162016
4,0.005,8,1250,1.0,0.0,3,3,5,3,10,106,1191,0.0939198
4,0.005,8,1250,1.0,0.0,3,3,5,3,10,106,1192,0.120072
4,0.005,8,1250,1.0,0.0,3,3,5,3,10,106,1193,0.095554
4,0.005,8,1250,1.0,0.0,3,3,5,3,10,106,1194,0.10039
4,0.005,8,1250,1.0,0.0,3,3,5,3,10,106,1195,0.0956275
4,0.005,8,1250,1.0,0.0,3,3,5,3,10,106,1196,0.0976258
4,0.005,8,1250,1.0,0.0,3,3,5,3,10,106,1197,0.0744266
4,0.005,8,1250,1.0,0.0,3,3,5,3,10,106,1198,0.132942
4,0.005,8,1250,1.0,0.0,3,3,5,3,10,106,1199,0.116256
4,0.005,8,1250,1.0,0.0,3,3,5,3,10,106,1200,0.101752
4,0.005,8,1250,1.0,0.0,3,3,5,3,10,106,-1,10.8889
4,0.005,8,1250,1.0,0.0,3,3,5,3,10,106,1201,0.0981464
4,0.005,8,1250,1.0,0.0,3,3,5,3,10,106,1202,0.0989336
4,0.005,8,1250,1.0,0.0,3,3,5,3,10,106,1203,0.0889525
4,0.005,8,1250,1.0,0.0,3,3,5,3,10,106,1204,0.0862291
4,0.005,8,1250,1.0,0.0,3,3,5,3,10,106,1205,0.0931278
4,0.005,8,1250,1.0,0.0,3,3,5,3,10,106,1206,0.0630609
4,0.005,8,1250,1.0,0.0,3,3,5,3,10,106,1207,0.125371
4,0.005,8,1250,1.0,0.0,3,3,5,3,10,106,1208,0.0868544
4,0.005,8,1250,1.0,0.0,3,3,5,3,10,106,1209,0.13998
4,0.005,8,1250,1.0,0.0,3,3,5,3,10,106,1210,0.139098
4,0.005,8,1250,1.0,0.0,3,3,5,3,10,106,1211,0.0758116
4,0.005,8,1250,1.0,0.0,3,3,5,3,10,106,1212,0.106819
4,0.005,8,1250,1.0,0.0,3,3,5,3,10,106,1213,0.0744536
4,0.005,8,1250,1.0,0.0,3,3,5,3,10,106,1214,0.133604
4,0.005,8,1250,1.0,0.0,3,3,5,3,10,106,1215,0.106192
4,0.005,8,1250,1.0,0.0,3,3,5,3,10,106,1216,0.117038
4,0.005,8,1250,1.0,0.0,3,3,5,3,10,106,1217,0.123676
4,0.005,8,1250,1.0,0.0,3,3,5,3,10,106,1218,0.0688116
4,0.005,8,1250,1.0,0.0,3,3,5,3,10,106,1219,0.0838511
4,0.005,8,1250,1.0,0.0,3,3,5,3,10,106,1220,0.0709771
4,0.005,8,1250,1.0,0.0,3,3,5,3,10,106,1221,0.0958581
4,0.005,8,1250,1.0,0.0,3,3,5,3,10,106,1222,0.0508829
4,0.005,8,1250,1.0,0.0,3,3,5,3,10,106,1223,0.150566
4,0.005,8,1250,1.0,0.0,3,3,5,3,10,106,1224,0.12343
4,0.005,8,1250,1.0,0.0,3,3,5,3,10,106,1225,0.101278
4,0.005,8,1250,1.0,0.0,3,3,5,3,10,106,1226,0.114451
4,0.005,8,1250,1.0,0.0,3,3,5,3,10,106,1227,0.0753633
4,0.005,8,1250,1.0,0.0,3,3,5,3,10,106,1228,0.104445
4,0.005,8,1250,1.0,0.0,3,3,5,3,10,106,1229,0.0731053
4,0.005,8,1250,1.0,0.0,3,3,5,3,10,106,1230,0.133852
4,0.005,8,1250,1.0,0.0,3,3,5,3,10,106,1231,0.129727
4,0.005,8,1250,1.0,0.0,3,3,5,3,10,106,1232,0.066801
4,0.005,8,1250,1.0,0.0,3,3,5,3,10,106,1233,0.0752155
4,0.005,8,1250,1.0,0.0,3,3,5,3,10,106,1234,0.0761245
4,0.005,8,1250,1.0,0.0,3,3,5,3,10,106,1235,0.0716617
4,0.005,8,1250,1.0,0.0,3,3,5,3,10,106,1236,0.0588828
4,0.005,8,1250,1.0,0.0,3,3,5,3,10,106,1237,0.0697906
4,0.005,8,1250,1.0,0.0,3,3,5,3,10,106,1238,0.0675919
4,0.005,8,1250,1.0,0.0,3,3,5,3,10,106,1239,0.0367499
4,0.005,8,1250,1.0,0.0,3,3,5,3,10,106,1240,0.103066
4,0.005,8,1250,1.0,0.0,3,3,5,3,10,106,1241,0.04584
4,0.005,8,1250,1.0,0.0,3,3,5,3,10,106,1242,0.176615
4,0.005,8,1250,1.0,0.0,3,3,5,3,10,106,1243,0.195119
4,0.005,8,1250,1.0,0.0,3,3,5,3,10,106,1244,0.0446704
4,0.005,8,1250,1.0,0.0,3,3,5,3,10,106,1245,0.246627
4,0.005,8,1250,1.0,0.0,3,3,5,3,10,106,1246,0.324866
4,0.005,8,1250,1.0,0.0,3,3,5,3,10,106,1247,0.213871
4,0.005,8,1250,1.0,0.0,3,3,5,3,10,106,1248,0.0797336
4,0.005,8,1250,1.0,0.0,3,3,5,3,10,106,1249,0.174326
4,0.005,8,1250,1.0,0.0,3,3,5,3,10,106,0,18.5949
4,0.005,8,1250,1.0,0.0,3,3,5,3,10,106,1,18.2039
4,0.005,8,1250,1.0,0.0,3,3,5,3,10,106,2,15.0373
4,0.005,8,1250,1.0,0.0,3,3,5,3,10,106,3,16.5854
4,0.005,8,1250,1.0,0.0,3,3,5,3,10,106,4,12.6466
4,0.005,8,1250,1.0,0.0,3,3,5,3,10,106,5,11.1957
4,0.005,8,1250,1.0,0.0,3,3,5,3,10,106,6,10.911
4,0.005,8,1250,1.0,0.0,3,3,5,3,10,106,7,10.6985
4,0.005,8,1250,1.0,0.0,3,3,5,3,10,106,8,10.5069
4,0.005,8,1250,1.0,0.0,3,3,5,3,10,106,9,10.2845
4,0.005,8,1250,1.0,0.0,3,3,5,3,10,106,10,10.0836
4,0.005,8,1250,1.0,0.0,3,3,5,3,10,106,11,9.91396
4,0.005,8,1250,1.0,0.0,3,3,5,3,10,106,12,9.77203
4,0.005,8,1250,1.0,0.0,3,3,5,3,10,106,13,9.64111
4,0.005,8,1250,1.0,0.0,3,3,5,3,10,106,14,9.4897
4,0.005,8,1250,1.0,0.0,3,3,5,3,10,106,15,9.28446
4,0.005,8,1250,1.0,0.0,3,3,5,3,10,106,16,9.00453
4,0.005,8,1250,1.0,0.0,3,3,5,3,10,106,17,8.67013
4,0.005,8,1250,1.0,0.0,3,3,5,3,10,106,18,8.32542
4,0.005,8,1250,1.0,0.0,3,3,5,3,10,106,19,8.03478
4,0.005,8,1250,1.0,0.0,3,3,5,3,10,106,20,7.69423
4,0.005,8,1250,1.0,0.0,3,3,5,3,10,106,21,7.34508
4,0.005,8,1250,1.0,0.0,3,3,5,3,10,106,22,7.03113
4,0.005,8,1250,1.0,0.0,3,3,5,3,10,106,23,6.76154
4,0.005,8,1250,1.0,0.0,3,3,5,3,10,106,24,6.66812
4,0.005,8,1250,1.0,0.0,3,3,5,3,10,106,25,6.5779
4,0.005,8,1250,1.0,0.0,3,3,5,3,10,106,26,6.51142
4,0.005,8,1250,1.0,0.0,3,3,5,3,10,106,27,6.23456
4,0.005,8,1250,1.0,0.0,3,3,5,3,10,106,28,6.10292
4,0.005,8,1250,1.0,0.0,3,3,5,3,10,106,29,6.11149
4,0.005,8,1250,1.0,0.0,3,3,5,3,10,106,30,6.05741
4,0.005,8,1250,1.0,0.0,3,3,5,3,10,106,31,5.98694
4,0.005,8,1250,1.0,0.0,3,3,5,3,10,106,32,5.9092
4,0.005,8,1250,1.0,0.0,3,3,5,3,10,106,33,5.82534
4,0.005,8,1250,1.0,0.0,3,3,5,3,10,106,34,5.73495
4,0.005,8,1250,1.0,0.0,3,3,5,3,10,106,35,5.63699
4,0.005,8,1250,1.0,0.0,3,3,5,3,10,106,36,5.52879
4,0.005,8,1250,1.0,0.0,3,3,5,3,10,106,37,5.4028
4,0.005,8,1250,1.0,0.0,3,3,5,3,10,106,38,5.24263
4,0.005,8,1250,1.0,0.0,3,3,5,3,10,106,39,5.11433
4,0.005,8,1250,1.0,0.0,3,3,5,3,10,106,40,5.08158
4,0.005,8,1250,1.0,0.0,3,3,5,3,10,106,41,5.0293
4,0.005,8,1250,1.0,0.0,3,3,5,3,10,106,42,4.95517
4,0.005,8,1250,1.0,0.0,3,3,5,3,10,106,43,4.85789
4,0.005,8,1250,1.0,0.0,3,3,5,3,10,106,44,4.74693
4,0.005,8,1250,1.0,0.0,3,3,5,3,10,106,45,4.63359
4,0.005,8,1250,1.0,0.0,3,3,5,3,10,106,46,4.45728
4,0.005,8,1250,1.0,0.0,3,3,5,3,10,106,47,4.04391
4,0.005,8,1250,1.0,0.0,3,3,5,3,10,106,48,5.18484
4,0.005,8,1250,1.0,0.0,3,3,5,3,10,106,49,6.71634
4,0.005,8,1250,1.0,0.0,3,3,5,3,10,106,50,5.40736
4,0.005,8,1250,1.0,0.0,3,3,5,3,10,106,51,5.64034
4,0.005,8,1250,1.0,0.0,3,3,5,3,10,106,52,4.41473
4,0.005,8,1250,1.0,0.0,3,3,5,3,10,106,53,5.29395
4,0.005,8,1250,1.0,0.0,3,3,5,3,10,106,54,5.43405
4,0.005,8,1250,1.0,0.0,3,3,5,3,10,106,55,5.56413
4,0.005,8,1250,1.0,0.0,3,3,5,3,10,106,56,5.47309
4,0.005,8,1250,1.0,0.0,3,3,5,3,10,106,57,5.02094
4,0.005,8,1250,1.0,0.0,3,3,5,3,10,106,58,4.89423
4,0.005,8,1250,1.0,0.0,3,3,5,3,10,106,59,4.89088
4,0.005,8,1250,1.0,0.0,3,3,5,3,10,106,60,4.97041
4,0.005,8,1250,1.0,0.0,3,3,5,3,10,106,61,5.03953
4,0.005,8,1250,1.0,0.0,3,3,5,3,10,106,62,5.0855
4,0.005,8,1250,1.0,0.0,3,3,5,3,10,106,63,5.03651
4,0.005,8,1250,1.0,0.0,3,3,5,3,10,106,64,4.90438
4,0.005,8,1250,1.0,0.0,3,3,5,3,10,106,65,4.72861
4,0.005,8,1250,1.0,0.0,3,3,5,3,10,106,66,4.53378
4,0.005,8,1250,1.0,0.0,3,3,5,3,10,106,67,4.36497
4,0.005,8,1250,1.0,0.0,3,3,5,3,10,106,68,4.26445
4,0.005,8,1250,1.0,0.0,3,3,5,3,10,106,69,4.24774
4,0.005,8,1250,1.0,0.0,3,3,5,3,10,106,70,4.26203
4,0.005,8,1250,1.0,0.0,3,3,5,3,10,106,71,4.24842
4,0.005,8,1250,1.0,0.0,3,3,5,3,10,106,72,4.18925
4,0.005,8,1250,1.0,0.0,3,3,5,3,10,106,73,4.11565
4,0.005,8,1250,1.0,0.0,3,3,5,3,10,106,74,4.06582
4,0.005,8,1250,1.0,0.0,3,3,5,3,10,106,75,4.05573
4,0.005,8,1250,1.0,0.0,3,3,5,3,10,106,76,4.07743
4,0.005,8,1250,1.0,0.0,3,3,5,3,10,106,77,4.10651
4,0.005,8,1250,1.0,0.0,3,3,5,3,10,106,78,4.1219
4,0.005,8,1250,1.0,0.0,3,3,5,3,10,106,79,4.11848
4,0.005,8,1250,1.0,0.0,3,3,5,3,10,106,80,4.10392
4,0.005,8,1250,1.0,0.0,3,3,5,3,10,106,81,4.09064
4,0.005,8,1250,1.0,0.0,3,3,5,3,10,106,82,4.07403
4,0.005,8,1250,1.0,0.0,3,3,5,3,10,106,83,4.06633
4,0.005,8,1250,1.0,0.0,3,3,5,3,10,106,84,4.06888
4,0.005,8,1250,1.0,0.0,3,3,5,3,10,106,85,4.07136
4,0.005,8,1250,1.0,0.0,3,3,5,3,10,106,86,4.06706
4,0.005,8,1250,1.0,0.0,3,3,5,3,10,106,87,4.05541
4,0.005,8,1250,1.0,0.0,3,3,5,3,10,106,88,4.0422
4,0.005,8,1250,1.0,0.0,3,3,5,3,10,106,89,4.03456
4,0.005,8,1250,1.0,0.0,3,3,5,3,10,106,90,4.03496
4,0.005,8,1250,1.0,0.0,3,3,5,3,10,106,91,4.04009
4,0.005,8,1250,1.0,0.0,3,3,5,3,10,106,92,4.04429
4,0.005,8,1250,1.0,0.0,3,3,5,3,10,106,93,4.04385
4,0.005,8,1250,1.0,0.0,3,3,5,3,10,106,94,4.03911
4,0.005,8,1250,1.0,0.0,3,3,5,3,10,106,95,4.03337
4,0.005,8,1250,1.0,0.0,3,3,5,3,10,106,96,4.02991
4,0.005,8,1250,1.0,0.0,3,3,5,3,10,106,97,4.02952
4,0.005,8,1250,1.0,0.0,3,3,5,3,10,106,98,4.03025
4,0.005,8,1250,1.0,0.0,3,3,5,3,10,106,99,4.02933
4,0.005,8,1250,1.0,0.0,3,3,5,3,10,106,100,4.02545
4,0.005,8,1250,1.0,0.0,3,3,5,3,10,106,-1,14.1498
4,0.005,8,1250,1.0,0.0,3,3,5,3,10,106,101,4.01954
4,0.005,8,1250,1.0,0.0,3,3,5,3,10,106,102,4.01369
4,0.005,8,1250,1.0,0.0,3,3,5,3,10,106,103,4.00938
4,0.005,8,1250,1.0,0.0,3,3,5,3,10,106,104,4.00655
4,0.005,8,1250,1.0,0.0,3,3,5,3,10,106,105,4.00393
4,0.005,8,1250,1.0,0.0,3,3,5,3,10,106,106,4.00024
4,0.005,8,1250,1.0,0.0,3,3,5,3,10,106,107,3.99503
4,0.005,8,1250,1.0,0.0,3,3,5,3,10,106,108,3.9889
4,0.005,8,1250,1.0,0.0,3,3,5,3,10,106,109,3.9833
4,0.005,8,1250,1.0,0.0,3,3,5,3,10,106,110,3.9788
4,0.005,8,1250,1.0,0.0,3,3,5,3,10,106,111,3.97487
4,0.005,8,1250,1.0,0.0,3,3,5,3,10,106,112,3.97065
4,0.005,8,1250,1.0,0.0,3,3,5,3,10,106,113,3.96551
4,0.005,8,1250,1.0,0.0,3,3,5,3,10,106,114,3.95941
4,0.005,8,1250,1.0,0.0,3,3,5,3,10,106,115,3.9528
4,0.005,8,1250,1.0,0.0,3,3,5,3,10,106,116,3.94611
4,0.005,8,1250,1.0,0.0,3,3,5,3,10,106,117,3.93944
4,0.005,8,1250,1.0,0.0,3,3,5,3,10,106,118,3.93252
4,0.005,8,1250,1.0,0.0,3,3,5,3,10,106,119,3.92498
4,0.005,8,1250,1.0,0.0,3,3,5,3,10,106,120,3.91663
4,0.005,8,1250,1.0,0.0,3,3,5,3,10,106,121,3.90758
4,0.005,8,1250,1.0,0.0,3,3,5,3,10,106,122,3.89808
4,0.005,8,1250,1.0,0.0,3,3,5,3,10,106,123,3.88826
4,0.005,8,1250,1.0,0.0,3,3,5,3,10,106,124,3.87806
4,0.005,8,1250,1.0,0.0,3,3,5,3,10,106,125,3.86723
4,0.005,8,1250,1.0,0.0,3,3,5,3,10,106,126,3.85564
4,0.005,8,1250,1.0,0.0,3,3,5,3,10,106,127,3.84331
4,0.005,8,1250,1.0,0.0,3,3,5,3,10,106,128,3.83044
4,0.005,8,1250,1.0,0.0,3,3,5,3,10,106,129,3.81724
4,0.005,8,1250,1.0,0.0,3,3,5,3,10,106,130,3.80372
4,0.005,8,1250,1.0,0.0,3,3,5,3,10,106,131,3.78982
4,0.005,8,1250,1.0,0.0,3,3,5,3,10,106,132,3.77543
4,0.005,8,1250,1.0,0.0,3,3,5,3,10,106,133,3.7606
4,0.005,8,1250,1.0,0.0,3,3,5,3,10,106,134,3.74552
4,0.005,8,1250,1.0,0.0,3,3,5,3,10,106,135,3.73036
4,0.005,8,1250,1.0,0.0,3,3,5,3,10,106,136,3.7152
4,0.005,8,1250,1.0,0.0,3,3,5,3,10,106,137,3.70001
4,0.005,8,1250,1.0,0.0,3,3,5,3,10,106,138,3.6848
4,0.005,8,1250,1.0,0.0,3,3,5,3,10,106,139,3.6697
4,0.005,8,1250,1.0,0.0,3,3,5,3,10,106,140,3.65495
4,0.005,8,1250,1.0,0.0,3,3,5,3,10,106,141,3.64076
4,0.005,8,1250,1.0,0.0,3,3,5,3,10,106,142,3.62726
4,0.005,8,1250,1.0,0.0,3,3,5,3,10,106,143,3.61454
4,0.005,8,1250,1.0,0.0,3,3,5,3,10,106,144,3.60261
4,0.005,8,1250,1.0,0.0,3,3,5,3,10,106,145,3.59151
4,0.005,8,1250,1.0,0.0,3,3,5,3,10,106,146,3.58124
4,0.005,8,1250,1.0,0.0,3,3,5,3,10,106,147,3.5718
4,0.005,8,1250,1.0,0.0,3,3,5,3,10,106,148,3.56315
4,0.005,8,1250,1.0,0.0,3,3,5,3,10,106,149,3.55512
4,0.005,8,1250,1.0,0.0,3,3,5,3,10,106,150,3.54741
4,0.005,8,1250,1.0,0.0,3,3,5,3,10,106,151,3.53983
4,0.005,8,1250,1.0,0.0,3,3,5,3,10,106,152,3.53244
4,0.005,8,1250,1.0,0.0,3,3,5,3,10,106,153,3.52516
4,0.005,8,1250,1.0,0.0,3,3,5,3,10,106,154,3.51782
4,0.005,8,1250,1.0,0.0,3,3,5,3,10,106,155,3.51032
4,0.005,8,1250,1.0,0.0,3,3,5,3,10,106,156,3.50267
4,0.005,8,1250,1.0,0.0,3,3,5,3,10,106,157,3.49499
4,0.005,8,1250,1.0,0.0,3,3,5,3,10,106,158,3.48735
4,0.005,8,1250,1.0,0.0,3,3,5,3,10,106,159,3.47983
4,0.005,8,1250,1.0,0.0,3,3,5,3,10,106,160,3.47249
4,0.005,8,1250,1.0,0.0,3,3,5,3,10,106,161,3.4655
4,0.005,8,1250,1.0,0.0,3,3,5,3,10,106,162,3.45898
4,0.005,8,1250,1.0,0.0,3,3,5,3,10,106,163,3.45298
4,0.005,8,1250,1.0,0.0,3,3,5,3,10,106,164,3.44748
4,0.005,8,1250,1.0,0.0,3,3,5,3,10,106,165,3.44247
4,0.005,8,1250,1.0,0.0,3,3,5,3,10,106,166,3.43787
4,0.005,8,1250,1.0,0.0,3,3,5,3,10,106,167,3.4336
4,0.005,8,1250,1.0,0.0,3,3,5,3,10,106,168,3.42957
4,0.005,8,1250,1.0,0.0,3,3,5,3,10,106,169,3.4257
4,0.005,8,1250,1.0,0.0,3,3,5,3,10,106,170,3.42195
4,0.005,8,1250,1.0,0.0,3,3,5,3,10,106,171,3.41826
4,0.005,8,1250,1.0,0.0,3,3,5,3,10,106,172,3.41461
4,0.005,8,1250,1.0,0.0,3,3,5,3,10,106,173,3.41099
4,0.005,8,1250,1.0,0.0,3,3,5,3,10,106,174,3.40739
4,0.005,8,1250,1.0,0.0,3,3,5,3,10,106,175,3.40381
4,0.005,8,1250,1.0,0.0,3,3,5,3,10,106,176,3.40026
4,0.005,8,1250,1.0,0.0,3,3,5,3,10,106,177,3.39676
4,0.005,8,1250,1.0,0.0,3,3,5,3,10,106,178,3.39331
4,0.005,8,1250,1.0,0.0,3,3,5,3,10,106,179,3.38992
4,0.005,8,1250,1.0,0.0,3,3,5,3,10,106,180,3.38657
4,0.005,8,1250,1.0,0.0,3,3,5,3,10,106,181,3.38328
4,0.005,8,1250,1.0,0.0,3,3,5,3,10,106,182,3.38004
4,0.005,8,1250,1.0,0.0,3,3,5,3,10,106,183,3.37684
4,0.005,8,1250,1.0,0.0,3,3,5,3,10,106,184,3.37366
4,0.005,8,1250,1.0,0.0,3,3,5,3,10,106,185,3.3705
4,0.005,8,1250,1.0,0.0,3,3,5,3,10,106,186,3.36735
4,0.005,8,1250,1.0,0.0,3,3,5,3,10,106,187,3.36422
4,0.005,8,1250,1.0,0.0,3,3,5,3,10,106,188,3.36111
4,0.005,8,1250,1.0,0.0,3,3,5,3,10,106,189,3.35802
4,0.005,8,1250,1.0,0.0,3,3,5,3,10,106,190,3.35494
4,0.005,8,1250,1.0,0.0,3,3,5,3,10,106,191,3.3519
4,0.005,8,1250,1.0,0.0,3,3,5,3,10,106,192,3.34888
4,0.005,8,1250,1.0,0.0,3,3,5,3,10,106,193,3.3459
4,0.005,8,1250,1.0,0.0,3,3,5,3,10,106,194,3.34296
4,0.005,8,1250,1.0,0.0,3,3,5,3,10,106,195,3.34006
4,0.005,8,1250,1.0,0.0,3,3,5,3,10,106,196,3.33719
4,0.005,8,1250,1.0,0.0,3,3,5,3,10,106,197,3.33435
4,0.005,8,1250,1.0,0.0,3,3,5,3,10,106,198,3.33155
4,0.005,8,1250,1.0,0.0,3,3,5,3,10,106,199,3.32878
4,0.005,8,1250,1.0,0.0,3,3,5,3,10,106,200,3.32603
4,0.005,8,1250,1.0,0.0,3,3,5,3,10,106,-1,14.6072
4,0.005,8,1250,1.0,0.0,3,3,5,3,10,106,201,3.32331
4,0.005,8,1250,1.0,0.0,3,3,5,3,10,106,202,3.32061
4,0.005,8,1250,1.0,0.0,3,3,5,3,10,106,203,3.31793
4,0.005,8,1250,1.0,0.0,3,3,5,3,10,106,204,3.31528
4,0.005,8,1250,1.0,0.0,3,3,5,3,10,106,205,3.31265
4,0.005,8,1250,1.0,0.0,3,3,5,3,10,106,206,3.31004
4,0.005,8,1250,1.0,0.0,3,3,5,3,10,106,207,3.30745
4,0.005,8,1250,1.0,0.0,3,3,5,3,10,106,208,3.30489
4,0.005,8,1250,1.0,0.0,3,3,5,3,10,106,209,3.30235
4,0.005,8,1250,1.0,0.0,3,3,5,3,10,106,210,3.29984
4,0.005,8,1250,1.0,0.0,3,3,5,3,10,106,211,3.29735
4,0.005,8,1250,1.0,0.0,3,3,5,3,10,106,212,3.29488
4,0.005,8,1250,1.0,0.0,3,3,5,3,10,106,213,3.29244
4,0.005,8,1250,1.0,0.0,3,3,5,3,10,106,214,3.29001
4,0.005,8,1250,1.0,0.0,3,3,5,3,10,106,215,3.28761
4,0.005,8,1250,1.0,0.0,3,3,5,3,10,106,216,3.28523
4,0.005,8,1250,1.0,0.0,3,3,5,3,10,106,217,3.28287
4,0.005,8,1250,1.0,0.0,3,3,5,3,10,106,218,3.28053
4,0.005,8,1250,1.0,0.0,3,3,5,3,10,106,219,3.27821
4,0.005,8,1250,1.0,0.0,3,3,5,3,10,106,220,3.27591
4,0.005,8,1250,1.0,0.0,3,3,5,3,10,106,221,3.27364
4,0.005,8,1250,1.0,0.0,3,3,5,3,10,106,222,3.27137
4,0.005,8,1250,1.0,0.0,3,3,5,3,10,106,223,3.26913
4,0.005,8,1250,1.0,0.0,3,3,5,3,10,106,224,3.26691
4,0.005,8,1250,1.0,0.0,3,3,5,3,10,106,225,3.26471
4,0.005,8,1250,1.0,0.0,3,3,5,3,10,106,226,3.26252
4,0.005,8,1250,1.0,0.0,3,3,5,3,10,106,227,3.26036
4,0.005,8,1250,1.0,0.0,3,3,5,3,10,106,228,3.25821
4,0.005,8,1250,1.0,0.0,3,3,5,3,10,106,229,3.25608
4,0.005,8,1250,1.0,0.0,3,3,5,3,10,106,230,3.25396
4,0.005,8,1250,1.0,0.0,3,3,5,3,10,106,231,3.25186
4,0.005,8,1250,1.0,0.0,3,3,5,3,10,106,232,3.24978
4,0.005,8,1250,1.0,0.0,3,3,5,3,10,106,233,3.24771
4,0.005,8,1250,1.0,0.0,3,3,5,3,10,106,234,3.24564
4,0.005,8,1250,1.0,0.0,3,3,5,3,10,106,235,3.24358
4,0.005,8,1250,1.0,0.0,3,3,5,3,10,106,236,3.24149
4,0.005,8,1250,1.0,0.0,3,3,5,3,10,106,237,3.23933
4,0.005,8,1250,1.0,0.0,3,3,5,3,10,106,238,3.23702
4,0.005,8,1250,1.0,0.0,3,3,5,3,10,106,239,3.2348
4,0.005,8,1250,1.0,0.0,3,3,5,3,10,106,240,3.23278
4,0.005,8,1250,1.0,0.0,3,3,5,3,10,106,241,3.23085
4,0.005,8,1250,1.0,0.0,3,3,5,3,10,106,242,3.22894
4,0.005,8,1250,1.0,0.0,3,3,5,3,10,106,243,3.22706
4,0.005,8,1250,1.0,0.0,3,3,5,3,10,106,244,3.22519
4,0.005,8,1250,1.0,0.0,3,3,5,3,10,106,245,3.22334
4,0.005,8,1250,1.0,0.0,3,3,5,3,10,106,246,3.2215
4,0.005,8,1250,1.0,0.0,3,3,5,3,10,106,247,3.21968
4,0.005,8,1250,1.0,0.0,3,3,5,3,10,106,248,3.21788
4,0.005,8,1250,1.0,0.0,3,3,5,3,10,106,249,3.21608
4,0.005,8,1250,1.0,0.0,3,3,5,3,10,106,250,3.21431
4,0.005,8,1250,1.0,0.0,3,3,5,3,10,106,251,3.21255
4,0.005,8,1250,1.0,0.0,3,3,5,3,10,106,252,3.21081
4,0.005,8,1250,1.0,0.0,3,3,5,3,10,106,253,3.20907
4,0.005,8,1250,1.0,0.0,3,3,5,3,10,106,254,3.20736
4,0.005,8,1250,1.0,0.0,3,3,5,3,10,106,255,3.20566
4,0.005,8,1250,1.0,0.0,3,3,5,3,10,106,256,3.20397
4,0.005,8,1250,1.0,0.0,3,3,5,3,10,106,257,3.2023
4,0.005,8,1250,1.0,0.0,3,3,5,3,10,106,258,3.20064
4,0.005,8,1250,1.0,0.0,3,3,5,3,10,106,259,3.19899
4,0.005,8,1250,1.0,0.0,3,3,5,3,10,106,260,3.19736
4,0.005,8,1250,1.0,0.0,3,3,5,3,10,106,261,3.19574
4,0.005,8,1250,1.0,0.0,3,3,5,3,10,106,262,3.19414
4,0.005,8,1250,1.0,0.0,3,3,5,3,10,106,263,3.19256
4,0.005,8,1250,1.0,0.0,3,3,5,3,10,106,264,3.19098
4,0.005,8,1250,1.0,0.0,3,3,5,3,10,106,265,3.18942
4,0.005,8,1250,1.0,0.0,3,3,5,3,10,106,266,3.18787
4,0.005,8,1250,1.0,0.0,3,3,5,3,10,106,267,3.18634
4,0.005,8,1250,1.0,0.0,3,3,5,3,10,106,268,3.18482
4,0.005,8,1250,1.0,0.0,3,3,5,3,10,106,269,3.18331
4,0.005,8,1250,1.0,0.0,3,3,5,3,10,106,270,3.18182
4,0.005,8,1250,1.0,0.0,3,3,5,3,10,106,271,3.18034
4,0.005,8,1250,1.0,0.0,3,3,5,3,10,106,272,3.17887
4,0.005,8,1250,1.0,0.0,3,3,5,3,10,106,273,3.17742
4,0.005,8,1250,1.0,0.0,3,3,5,3,10,106,274,3.17598
4,0.005,8,1250,1.0,0.0,3,3,5,3,10,106,275,3.17455
4,0.005,8,1250,1.0,0.0,3,3,5,3,10,106,276,3.17314
4,0.005,8,1250,1.0,0.0,3,3,5,3,10,106,277,3.17173
4,0.005,8,1250,1.0,0.0,3,3,5,3,10,106,278,3.17034
4,0.005,8,1250,1.0,0.0,3,3,5,3,10,106,279,3.16896
4,0.005,8,1250,1.0,0.0,3,3,5,3,10,106,280,3.1676
4,0.005,8,1250,1.0,0.0,3,3,5,3,10,106,281,3.16624
4,0.005,8,1250,1.0,0.0,3,3,5,3,10,106,282,3.1649
4,0.005,8,1250,1.0,0.0,3,3,5,3,10,106,283,3.16357
4,0.005,8,1250,1.0,0.0,3,3,5,3,10,106,284,3.16225
4,0.005,8,1250,1.0,0.0,3,3,5,3,10,106,285,3.16095
4,0.005,8,1250,1.0,0.0,3,3,5,3,10,106,286,3.15965
4,0.005,8,1250,1.0,0.0,3,3,5,3,10,106,287,3.15837
4,0.005,8,1250,1.0,0.0,3,3,5,3,10,106,288,3.15709
4,0.005,8,1250,1.0,0.0,3,3,5,3,10,106,289,3.15583
4,0.005,8,1250,1.0,0.0,3,3,5,3,10,106,290,3.15458
4,0.005,8,1250,1.0,0.0,3,3,5,3,10,106,291,3.15334
4,0.005,8,1250,1.0,0.0,3,3,5,3,10,106,292,3.1521
4,0.005,8,1250,1.0,0.0,3,3,5,3,10,106,293,3.15088
4,0.005,8,1250,1.0,0.0,3,3,5,3,10,106,294,3.14967
4,0.005,8,1250,1.0,0.0,3,3,5,3,10,106,295,3.14847
4,0.005,8,1250,1.0,0.0,3,3,5,3,10,106,296,3.14728
4,0.005,8,1250,1.0,0.0,3,3,5,3,10,106,297,3.1461
4,0.005,8,1250,1.0,0.0,3,3,5,3,10,106,298,3.14493
4,0.005,8,1250,1.0,0.0,3,3,5,3,10,106,299,3.14377
4,0.005,8,1250,1.0,0.0,3,3,5,3,10,106,300,3.14261
4,0.005,8,1250,1.0,0.0,3,3,5,3,10,106,-1,14.7873
4,0.005,8,1250,1.0,0.0,3,3,5,3,10,106,301,3.14147
4,0.005,8,1250,1.0,0.0,3,3,5,3,10,106,302,3.14034
4,0.005,8,1250,1.0,0.0,3,3,5,3,10,106,303,3.13921
4,0.005,8,1250,1.0,0.0,3,3,5,3,10,106,304,3.13809
4,0.005,8,1250,1.0,0.0,3,3,5,3,10,106,305,3.13698
4,0.005,8,1250,1.0,0.0,3,3,5,3,10,106,306,3.13588
4,0.005,8,1250,1.0,0.0,3,3,5,3,10,106,307,3.13478
4,0.005,8,1250,1.0,0.0,3,3,5,3,10,106,308,3.13369
4,0.005,8,1250,1.0,0.0,3,3,5,3,10,106,309,3.13261
4,0.005,8,1250,1.0,0.0,3,3,5,3,10,106,310,3.13153
4,0.005,8,1250,1.0,0.0,3,3,5,3,10,106,311,3.13045
4,0.005,8,1250,1.0,0.0,3,3,5,3,10,106,312,3.12938
4,0.005,8,1250,1.0,0.0,3,3,5,3,10,106,313,3.12829
4,0.005,8,1250,1.0,0.0,3,3,5,3,10,106,314,3.12717
4,0.005,8,1250,1.0,0.0,3,3,5,3,10,106,315,3.12598
4,0.005,8,1250,1.0,0.0,3,3,5,3,10,106,316,3.12452
4,0.005,8,1250,1.0,0.0,3,3,5,3,10,106,317,3.12167
4,0.005,8,1250,1.0,0.0,3,3,5,3,10,106,318,3.10592
4,0.005,8,1250,1.0,0.0,3,3,5,3,10,106,319,3.1418
4,0.005,8,1250,1.0,0.0,3,3,5,3,10,106,320,3.10171
4,0.005,8,1250,1.0,0.0,3,3,5,3,10,106,321,3.08984
4,0.005,8,1250,1.0,0.0,3,3,5,3,10,106,322,3.08376
4,0.005,8,1250,1.0,0.0,3,3,5,3,10,106,323,3.0866
4,0.005,8,1250,1.0,0.0,3,3,5,3,10,106,324,3.07377
4,0.005,8,1250,1.0,0.0,3,3,5,3,10,106,325,3.06691
4,0.005,8,1250,1.0,0.0,3,3,5,3,10,106,326,3.07334
4,0.005,8,1250,1.0,0.0,3,3,5,3,10,106,327,3.06222
4,0.005,8,1250,1.0,0.0,3,3,5,3,10,106,328,3.06191
4,0.005,8,1250,1.0,0.0,3,3,5,3,10,106,329,3.06425
4,0.005,8,1250,1.0,0.0,3,3,5,3,10,106,330,3.08166
4,0.005,8,1250,1.0,0.0,3,3,5,3,10,106,331,3.06012
4,0.005,8,1250,1.0,0.0,3,3,5,3,10,106,332,3.0541
4,0.005,8,1250,1.0,0.0,3,3,5,3,10,106,333,3.046
4,0.005,8,1250,1.0,0.0,3,3,5,3,10,106,334,3.10247
4,0.005,8,1250,1.0,0.0,3,3,5,3,10,106,335,3.0947
4,0.005,8,1250,1.0,0.0,3,3,5,3,10,106,336,3.11228
4,0.005,8,1250,1.0,0.0,3,3,5,3,10,106,337,3.10825
4,0.005,8,1250,1.0,0.0,3,3,5,3,10,106,338,3.11914
4,0.005,8,1250,1.0,0.0,3,3,5,3,10,106,339,3.13299
4,0.005,8,1250,1.0,0.0,3,3,5,3,10,106,340,3.12219
4,0.005,8,1250,1.0,0.0,3,3,5,3,10,106,341,3.10181
4,0.005,8,1250,1.0,0.0,3,3,5,3,10,106,342,3.10132
4,0.005,8,1250,1.0,0.0,3,3,5,3,10,106,343,3.0995
4,0.005,8,1250,1.0,0.0,3,3,5,3,10,106,344,3.09768
4,0.005,8,1250,1.0,0.0,3,3,5,3,10,106,345,3.09801
4,0.005,8,1250,1.0,0.0,3,3,5,3,10,106,346,3.09569
4,0.005,8,1250,1.0,0.0,3,3,5,3,10,106,347,3.0717
4,0.005,8,1250,1.0,0.0,3,3,5,3,10,106,348,3.04373
4,0.005,8,1250,1.0,0.0,3,3,5,3,10,106,349,3.03895
4,0.005,8,1250,1.0,0.0,3,3,5,3,10,106,350,3.0378
4,0.005,8,1250,1.0,0.0,3,3,5,3,10,106,351,3.02953
4,0.005,8,1250,1.0,0.0,3,3,5,3,10,106,352,3.1604
4,0.005,8,1250,1.0,0.0,3,3,5,3,10,106,353,3.12615
4,0.005,8,1250,1.0,0.0,3,3,5,3,10,106,354,3.14909
4,0.005,8,1250,1.0,0.0,3,3,5,3,10,106,355,3.11638
4,0.005,8,1250,1.0,0.0,3,3,5,3,10,106,356,3.11234
4,0.005,8,1250,1.0,0.0,3,3,5,3,10,106,357,3.04741
4,0.005,8,1250,1.0,0.0,3,3,5,3,10,106,358,3.13466
4,0.005,8,1250,1.0,0.0,3,3,5,3,10,106,359,3.17097
4,0.005,8,1250,1.0,0.0,3,3,5,3,10,106,360,2.96006
4,0.005,8,1250,1.0,0.0,3,3,5,3,10,106,361,3.06697
4,0.005,8,1250,1.0,0.0,3,3,5,3,10,106,362,3.01355
4,0.005,8,1250,1.0,0.0,3,3,5,3,10,106,363,2.9593
4,0.005,8,1250,1.0,0.0,3,3,5,3,10,106,364,3.04604
4,0.005,8,1250,1.0,0.0,3,3,5,3,10,106,365,2.94347
4,0.005,8,1250,1.0,0.0,3,3,5,3,10,106,366,3.02477
4,0.005,8,1250,1.0,0.0,3,3,5,3,10,106,367,2.97487
4,0.005,8,1250,1.0,0.0,3,3,5,3,10,106,368,2.96636
4,0.005,8,1250,1.0,0.0,3,3,5,3,10,106,369,2.99767
4,0.005,8,1250,1.0,0.0,3,3,5,3,10,106,370,2.94044
4,0.005,8,1250,1.0,0.0,3,3,5,3,10,106,371,2.98017
4,0.005,8,1250,1.0,0.0,3,3,5,3,10,106,372,2.95142
4,0.005,8,1250,1.0,0.0,3,3,5,3,10,106,373,2.9371
4,0.005,8,1250,1.0,0.0,3,3,5,3,10,106,374,2.96407
4,0.005,8,1250,1.0,0.0,3,3,5,3,10,106,375,2.92849
4,0.005,8,1250,1.0,0.0,3,3,5,3,10,106,376,2.94668
4,0.005,8,1250,1.0,0.0,3,3,5,3,10,106,377,2.94622
4,0.005,8,1250,1.0,0.0,3,3,5,3,10,106,378,2.92724
4,0.005,8,1250,1.0,0.0,3,3,5,3,10,106,379,2.946
4,0.005,8,1250,1.0,0.0,3,3,5,3,10,106,380,2.93106
4,0.005,8,1250,1.0,0.0,3,3,5,3,10,106,381,2.92842
4,0.005,8,1250,1.0,0.0,3,3,5,3,10,106,382,2.93613
4,0.005,8,1250,1.0,0.0,3,3,5,3,10,106,383,2.91564
4,0.005,8,1250,1.0,0.0,3,3,5,3,10,106,384,2.91196
4,0.005,8,1250,1.0,0.0,3,3,5,3,10,106,385,2.89389
4,0.005,8,1250,1.0,0.0,3,3,5,3,10,106,386,2.88709
4,0.005,8,1250,1.0,0.0,3,3,5,3,10,106,387,2.90275
4,0.005,8,1250,1.0,0.0,3,3,5,3,10,106,388,2.88634
4,0.005,8,1250,1.0,0.0,3,3,5,3,10,106,389,2.88474
4,0.005,8,1250,1.0,0.0,3,3,5,3,10,106,390,2.89444
4,0.005,8,1250,1.0,0.0,3,3,5,3,10,106,391,2.8857
4,0.005,8,1250,1.0,0.0,3,3,5,3,10,106,392,2.88337
4,0.005,8,1250,1.0,0.0,3,3,5,3,10,106,393,2.88943
4,0.005,8,1250,1.0,0.0,3,3,5,3,10,106,394,2.8841
4,0.005,8,1250,1.0,0.0,3,3,5,3,10,106,395,2.88014
4,0.005,8,1250,1.0,0.0,3,3,5,3,10,106,396,2.8854
4,0.005,8,1250,1.0,0.0,3,3,5,3,10,106,397,2.88294
4,0.005,8,1250,1.0,0.0,3,3,5,3,10,106,398,2.87925
4,0.005,8,1250,1.0,0.0,3,3,5,3,10,106,399,2.88269
4,0.005,8,1250,1.0,0.0,3,3,5,3,10,106,400,2.88223
4,0.005,8,1250,1.0,0.0,3,3,5,3,10,106,-1,14.6102
4,0.005,8,1250,1.0,0.0,3,3,5,3,10,106,401,2.87869
4,0.005,8,1250,1.0,0.0,3,3,5,3,10,106,402,2.8803
4,0.005,8,1250,1.0,0.0,3,3,5,3,10,106,403,2.88085
4,0.005,8,1250,1.0,0.0,3,3,5,3,10,106,404,2.87786
4,0.005,8,1250,1.0,0.0,3,3,5,3,10,106,405,2.8783
4,0.005,8,1250,1.0,0.0,3,3,5,3,10,106,406,2.87917
4,0.005,8,1250,1.0,0.0,3,3,5,3,10,106,407,2.87713
4,0.005,8,1250,1.0,0.0,3,3,5,3,10,106,408,2.87666
4,0.005,8,1250,1.0,0.0,3,3,5,3,10,106,409,2.87766
4,0.005,8,1250,1.0,0.0,3,3,5,3,10,106,410,2.87644
4,0.005,8,1250,1.0,0.0,3,3,5,3,10,106,411,2.87566
4,0.005,8,1250,1.0,0.0,3,3,5,3,10,106,412,2.87637
4,0.005,8,1250,1.0,0.0,3,3,5,3,10,106,413,2.8758
4,0.005,8,1250,1.0,0.0,3,3,5,3,10,106,414,2.87483
4,0.005,8,1250,1.0,0.0,3,3,5,3,10,106,415,2.87516
4,0.005,8,1250,1.0,0.0,3,3,5,3,10,106,416,2.87497
4,0.005,8,1250,1.0,0.0,3,3,5,3,10,106,417,2.87406
4,0.005,8,1250,1.0,0.0,3,3,5,3,10,106,418,2.87405
4,0.005,8,1250,1.0,0.0,3,3,5,3,10,106,419,2.87405
4,0.005,8,1250,1.0,0.0,3,3,5,3,10,106,420,2.87336
4,0.005,8,1250,1.0,0.0,3,3,5,3,10,106,421,2.8731
4,0.005,8,1250,1.0,0.0,3,3,5,3,10,106,422,2.87317
4,0.005,8,1250,1.0,0.0,3,3,5,3,10,106,423,2.87269
4,0.005,8,1250,1.0,0.0,3,3,5,3,10,106,424,2.87231
4,0.005,8,1250,1.0,0.0,3,3,5,3,10,106,425,2.87232
4,0.005,8,1250,1.0,0.0,3,3,5,3,10,106,426,2.87201
4,0.005,8,1250,1.0,0.0,3,3,5,3,10,106,427,2.87159
4,0.005,8,1250,1.0,0.0,3,3,5,3,10,106,428,2.87148
4,0.005,8,1250,1.0,0.0,3,3,5,3,10,106,429,2.87129
4,0.005,8,1250,1.0,0.0,3,3,5,3,10,106,430,2.8709
4,0.005,8,1250,1.0,0.0,3,3,5,3,10,106,431,2.8707
4,0.005,8,1250,1.0,0.0,3,3,5,3,10,106,432,2.87056
4,0.005,8,1250,1.0,0.0,3,3,5,3,10,106,433,2.87023
4,0.005,8,1250,1.0,0.0,3,3,5,3,10,106,434,2.86998
4,0.005,8,1250,1.0,0.0,3,3,5,3,10,106,435,2.86984
4,0.005,8,1250,1.0,0.0,3,3,5,3,10,106,436,2.86958
4,0.005,8,1250,1.0,0.0,3,3,5,3,10,106,437,2.86929
4,0.005,8,1250,1.0,0.0,3,3,5,3,10,106,438,2.86912
4,0.005,8,1250,1.0,0.0,3,3,5,3,10,106,439,2.86891
4,0.005,8,1250,1.0,0.0,3,3,5,3,10,106,440,2.86863
4,0.005,8,1250,1.0,0.0,3,3,5,3,10,106,441,2.86843
4,0.005,8,1250,1.0,0.0,3,3,5,3,10,106,442,2.86824
4,0.005,8,1250,1.0,0.0,3,3,5,3,10,106,443,2.86798
4,0.005,8,1250,1.0,0.0,3,3,5,3,10,106,444,2.86776
4,0.005,8,1250,1.0,0.0,3,3,5,3,10,106,445,2.86757
4,0.005,8,1250,1.0,0.0,3,3,5,3,10,106,446,2.86734
4,0.005,8,1250,1.0,0.0,3,3,5,3,10,106,447,2.86711
4,0.005,8,1250,1.0,0.0,3,3,5,3,10,106,448,2.86691
4,0.005,8,1250,1.0,0.0,3,3,5,3,10,106,449,2.8667
4,0.005,8,1250,1.0,0.0,3,3,5,3,10,106,450,2.86647
4,0.005,8,1250,1.0,0.0,3,3,5,3,10,106,451,2.86627
4,0.005,8,1250,1.0,0.0,3,3,5,3,10,106,452,2.86606
4,0.005,8,1250,1.0,0.0,3,3,5,3,10,106,453,2.86584
4,0.005,8,1250,1.0,0.0,3,3,5,3,10,106,454,2.86563
4,0.005,8,1250,1.0,0.0,3,3,5,3,10,106,455,2.86543
4,0.005,8,1250,1.0,0.0,3,3,5,3,10,106,456,2.86522
4,0.005,8,1250,1.0,0.0,3,3,5,3,10,106,457,2.86501
4,0.005,8,1250,1.0,0.0,3,3,5,3,10,106,458,2.8648
4,0.005,8,1250,1.0,0.0,3,3,5,3,10,106,459,2.8646
4,0.005,8,1250,1.0,0.0,3,3,5,3,10,106,460,2.86439
4,0.005,8,1250,1.0,0.0,3,3,5,3,10,106,461,2.86419
4,0.005,8,1250,1.0,0.0,3,3,5,3,10,106,462,2.86399
4,0.005,8,1250,1.0,0.0,3,3,5,3,10,106,463,2.86378
4,0.005,8,1250,1.0,0.0,3,3,5,3,10,106,464,2.86357
4,0.005,8,1250,1.0,0.0,3,3,5,3,10,106,465,2.86338
4,0.005,8,1250,1.0,0.0,3,3,5,3,10,106,466,2.86318
4,0.005,8,1250,1.0,0.0,3,3,5,3,10,106,467,2.86297
4,0.005,8,1250,1.0,0.0,3,3,5,3,10,106,468,2.86277
4,0.005,8,1250,1.0,0.0,3,3,5,3,10,106,469,2.86258
4,0.005,8,1250,1.0,0.0,3,3,5,3,10,106,470,2.86238
4,0.005,8,1250,1.0,0.0,3,3,5,3,10,106,471,2.86218
4,0.005,8,1250,1.0,0.0,3,3,5,3,10,106,472,2.86198
4,0.005,8,1250,1.0,0.0,3,3,5,3,10,106,473,2.86178
4,0.005,8,1250,1.0,0.0,3,3,5,3,10,106,474,2.86159
4,0.005,8,1250,1.0,0.0,3,3,5,3,10,106,475,2.86139
4,0.005,8,1250,1.0,0.0,3,3,5,3,10,106,476,2.8612
4,0.005,8,1250,1.0,0.0,3,3,5,3,10,106,477,2.861
4,0.005,8,1250,1.0,0.0,3,3,5,3,10,106,478,2.86081
4,0.005,8,1250,1.0,0.0,3,3,5,3,10,106,479,2.86061
4,0.005,8,1250,1.0,0.0,3,3,5,3,10,106,480,2.86042
4,0.005,8,1250,1.0,0.0,3,3,5,3,10,106,481,2.86023
4,0.005,8,1250,1.0,0.0,3,3,5,3,10,106,482,2.86004
4,0.005,8,1250,1.0,0.0,3,3,5,3,10,106,483,2.85985
4,0.005,8,1250,1.0,0.0,3,3,5,3,10,106,484,2.85966
4,0.005,8,1250,1.0,0.0,3,3,5,3,10,106,485,2.85947
4,0.005,8,1250,1.0,0.0,3,3,5,3,10,106,486,2.85928
4,0.005,8,1250,1.0,0.0,3,3,5,3,10,106,487,2.85909
4,0.005,8,1250,1.0,0.0,3,3,5,3,10,106,488,2.8589
4,0.005,8,1250,1.0,0.0,3,3,5,3,10,106,489,2.85871
4,0.005,8,1250,1.0,0.0,3,3,5,3,10,106,490,2.85852
4,0.005,8,1250,1.0,0.0,3,3,5,3,10,106,491,2.85834
4,0.005,8,1250,1.0,0.0,3,3,5,3,10,106,492,2.85815
4,0.005,8,1250,1.0,0.0,3,3,5,3,10,106,493,2.85797
4,0.005,8,1250,1.0,0.0,3,3,5,3,10,106,494,2.85778
4,0.005,8,1250,1.0,0.0,3,3,5,3,10,106,495,2.8576
4,0.005,8,1250,1.0,0.0,3,3,5,3,10,106,496,2.85741
4,0.005,8,1250,1.0,0.0,3,3,5,3,10,106,497,2.85723
4,0.005,8,1250,1.0,0.0,3,3,5,3,10,106,498,2.85705
4,0.005,8,1250,1.0,0.0,3,3,5,3,10,106,499,2.85686
4,0.005,8,1250,1.0,0.0,3,3,5,3,10,106,500,2.85668
4,0.005,8,1250,1.0,0.0,3,3,5,3,10,106,-1,14.4607
4,0.005,8,1250,1.0,0.0,3,3,5,3,10,106,501,2.8565
4,0.005,8,1250,1.0,0.0,3,3,5,3,10,106,502,2.85632
4,0.005,8,1250,1.0,0.0,3,3,5,3,10,106,503,2.85614
4,0.005,8,1250,1.0,0.0,3,3,5,3,10,106,504,2.85596
4,0.005,8,1250,1.0,0.0,3,3,5,3,10,106,505,2.85578
4,0.005,8,1250,1.0,0.0,3,3,5,3,10,106,506,2.8556
4,0.005,8,1250,1.0,0.0,3,3,5,3,10,106,507,2.85542
4,0.005,8,1250,1.0,0.0,3,3,5,3,10,106,508,2.85524
4,0.005,8,1250,1.0,0.0,3,3,5,3,10,106,509,2.85507
4,0.005,8,1250,1.0,0.0,3,3,5,3,10,106,510,2.85489
4,0.005,8,1250,1.0,0.0,3,3,5,3,10,106,511,2.85471
4,0.005,8,1250,1.0,0.0,3,3,5,3,10,106,512,2.85454
4,0.005,8,1250,1.0,0.0,3,3,5,3,10,106,513,2.85436
4,0.005,8,1250,1.0,0.0,3,3,5,3,10,106,514,2.85419
4,0.005,8,1250,1.0,0.0,3,3,5,3,10,106,515,2.85401
4,0.005,8,1250,1.0,0.0,3,3,5,3,10,106,516,2.85384
4,0.005,8,1250,1.0,0.0,3,3,5,3,10,106,517,2.85367
4,0.005,8,1250,1.0,0.0,3,3,5,3,10,106,518,2.85349
4,0.005,8,1250,1.0,0.0,3,3,5,3,10,106,519,2.85332
4,0.005,8,1250,1.0,0.0,3,3,5,3,10,106,520,2.85315
4,0.005,8,1250,1.0,0.0,3,3,5,3,10,106,521,2.85298
4,0.005,8,1250,1.0,0.0,3,3,5,3,10,106,522,2.85281
4,0.005,8,1250,1.0,0.0,3,3,5,3,10,106,523,2.85264
4,0.005,8,1250,1.0,0.0,3,3,5,3,10,106,524,2.85247
4,0.005,8,1250,1.0,0.0,3,3,5,3,10,106,525,2.8523
4,0.005,8,1250,1.0,0.0,3,3,5,3,10,106,526,2.85213
4,0.005,8,1250,1.0,0.0,3,3,5,3,10,106,527,2.85196
4,0.005,8,1250,1.0,0.0,3,3,5,3,10,106,528,2.85179
4,0.005,8,1250,1.0,0.0,3,3,5,3,10,106,529,2.85162
4,0.005,8,1250,1.0,0.0,3,3,5,3,10,106,530,2.85146
4,0.005,8,1250,1.0,0.0,3,3,5,3,10,106,531,2.85129
4,0.005,8,1250,1.0,0.0,3,3,5,3,10,106,532,2.85112
4,0.005,8,1250,1.0,0.0,3,3,5,3,10,106,533,2.85096
4,0.005,8,1250,1.0,0.0,3,3,5,3,10,106,534,2.85079
4,0.005,8,1250,1.0,0.0,3,3,5,3,10,106,535,2.85063
4,0.005,8,1250,1.0,0.0,3,3,5,3,10,106,536,2.85046
4,0.005,8,1250,1.0,0.0,3,3,5,3,10,106,537,2.8503
4,0.005,8,1250,1.0,0.0,3,3,5,3,10,106,538,2.85014
4,0.005,8,1250,1.0,0.0,3,3,5,3,10,106,539,2.84998
4,0.005,8,1250,1.0,0.0,3,3,5,3,10,106,540,2.84981
4,0.005,8,1250,1.0,0.0,3,3,5,3,10,106,541,2.84965
4,0.005,8,1250,1.0,0.0,3,3,5,3,10,106,542,2.84949
4,0.005,8,1250,1.0,0.0,3,3,5,3,10,106,543,2.84933
4,0.005,8,1250,1.0,0.0,3,3,5,3,10,106,544,2.84917
4,0.005,8,1250,1.0,0.0,3,3,5,3,10,106,545,2.84901
4,0.005,8,1250,1.0,0.0,3,3,5,3,10,106,546,2.84885
4,0.005,8,1250,1.0,0.0,3,3,5,3,10,106,547,2.84869
4,0.005,8,1250,1.0,0.0,3,3,5,3,10,106,548,2.84854
4,0.005,8,1250,1.0,0.0,3,3,5,3,10,106,549,2.84838
4,0.005,8,1250,1.0,0.0,3,3,5,3,10,106,550,2.84822
4,0.005,8,1250,1.0,0.0,3,3,5,3,10,106,551,2.84806
4,0.005,8,1250,1.0,0.0,3,3,5,3,10,106,552,2.84791
4,0.005,8,1250,1.0,0.0,3,3,5,3,10,106,553,2.84775
4,0.005,8,1250,1.0,0.0,3,3,5,3,10,106,554,2.8476
4,0.005,8,1250,1.0,0.0,3,3,5,3,10,106,555,2.84744
4,0.005,8,1250,1.0,0.0,3,3,5,3,10,106,556,2.84729
4,0.005,8,1250,1.0,0.0,3,3,5,3,10,106,557,2.84713
4,0.005,8,1250,1.0,0.0,3,3,5,3,10,106,558,2.84698
4,0.005,8,1250,1.0,0.0,3,3,5,3,10,106,559,2.84683
4,0.005,8,1250,1.0,0.0,3,3,5,3,10,106,560,2.84668
4,0.005,8,1250,1.0,0.0,3,3,5,3,10,106,561,2.84652
4,0.005,8,1250,1.0,0.0,3,3,5,3,10,106,562,2.84637
4,0.005,8,1250,1.0,0.0,3,3,5,3,10,106,563,2.84622
4,0.005,8,1250,1.0,0.0,3,3,5,3,10,106,564,2.84607
4,0.005,8,1250,1.0,0.0,3,3,5,3,10,106,565,2.84592
4,0.005,8,1250,1.0,0.0,3,3,5,3,10,106,566,2.84577
4,0.005,8,1250,1.0,0.0,3,3,5,3,10,106,567,2.84562
4,0.005,8,1250,1.0,0.0,3,3,5,3,10,106,568,2.84548
4,0.005,8,1250,1.0,0.0,3,3,5,3,10,106,569,2.84533
4,0.005,8,1250,1.0,0.0,3,3,5,3,10,106,570,2.84518
4,0.005,8,1250,1.0,0.0,3,3,5,3,10,106,571,2.84504
4,0.005,8,1250,1.0,0.0,3,3,5,3,10,106,572,2.84489
4,0.005,8,1250,1.0,0.0,3,3,5,3,10,106,573,2.84474
4,0.005,8,1250,1.0,0.0,3,3,5,3,10,106,574,2.8446
4,0.005,8,1250,1.0,0.0,3,3,5,3,10,106,575,2.84445
4,0.005,8,1250,1.0,0.0,3,3,5,3,10,106,576,2.84431
4,0.005,8,1250,1.0,0.0,3,3,5,3,10,106,577,2.84417
4,0.005,8,1250,1.0,0.0,3,3,5,3,10,106,578,2.84402
4,0.005,8,1250,1.0,0.0,3,3,5,3,10,106,579,2.84388
4,0.005,8,1250,1.0,0.0,3,3,5,3,10,106,580,2.84374
4,0.005,8,1250,1.0,0.0,3,3,5,3,10,106,581,2.8436
4,0.005,8,1250,1.0,0.0,3,3,5,3,10,106,582,2.84346
4,0.005,8,1250,1.0,0.0,3,3,5,3,10,106,583,2.84332
4,0.005,8,1250,1.0,0.0,3,3,5,3,10,106,584,2.84318
4,0.005,8,1250,1.0,0.0,3,3,5,3,10,106,585,2.84304
4,0.005,8,1250,1.0,0.0,3,3,5,3,10,106,586,2.8429
4,0.005,8,1250,1.0,0.0,3,3,5,3,10,106,587,2.84276
4,0.005,8,1250,1.0,0.0,3,3,5,3,10,106,588,2.84262
4,0.005,8,1250,1.0,0.0,3,3,5,3,10,106,589,2.84248
4,0.005,8,1250,1.0,0.0,3,3,5,3,10,106,590,2.84235
4,0.005,8,1250,1.0,0.0,3,3,5,3,10,106,591,2.84221
4,0.005,8,1250,1.0,0.0,3,3,5,3,10,106,592,2.84208
4,0.005,8,1250,1.0,0.0,3,3,5,3,10,106,593,2.84194
4,0.005,8,1250,1.0,0.0,3,3,5,3,10,106,594,2.84181
4,0.005,8,1250,1.0,0.0,3,3,5,3,10,106,595,2.84167
4,0.005,8,1250,1.0,0.0,3,3,5,3,10,106,596,2.84154
4,0.005,8,1250,1.0,0.0,3,3,5,3,10,106,597,2.84141
4,0.005,8,1250,1.0,0.0,3,3,5,3,10,106,598,2.84127
4,0.005,8,1250,1.0,0.0,3,3,5,3,10,106,599,2.84114
4,0.005,8,1250,1.0,0.0,3,3,5,3,10,106,600,2.84101
4,0.005,8,1250,1.0,0.0,3,3,5,3,10,106,-1,14.3098
4,0.005,8,1250,1.0,0.0,3,3,5,3,10,106,601,2.84088
4,0.005,8,1250,1.0,0.0,3,3,5,3,10,106,602,2.84075
4,0.005,8,1250,1.0,0.0,3,3,5,3,10,106,603,2.84062
4,0.005,8,1250,1.0,0.0,3,3,5,3,10,106,604,2.84049
4,0.005,8,1250,1.0,0.0,3,3,5,3,10,106,605,2.84036
4,0.005,8,1250,1.0,0.0,3,3,5,3,10,106,606,2.84023
4,0.005,8,1250,1.0,0.0,3,3,5,3,10,106,607,2.84011
4,0.005,8,1250,1.0,0.0,3,3,5,3,10,106,608,2.83998
4,0.005,8,1250,1.0,0.0,3,3,5,3,10,106,609,2.83985
4,0.005,8,1250,1.0,0.0,3,3,5,3,10,106,610,2.83972
4,0.005,8,1250,1.0,0.0,3,3,5,3,10,106,611,2.8396
4,0.005,8,1250,1.0,0.0,3,3,5,3,10,106,612,2.83947
4,0.005,8,1250,1.0,0.0,3,3,5,3,10,106,613,2.83935
4,0.005,8,1250,1.0,0.0,3,3,5,3,10,106,614,2.83923
4,0.005,8,1250,1.0,0.0,3,3,5,3,10,106,615,2.8391
4,0.005,8,1250,1.0,0.0,3,3,5,3,10,106,616,2.83898
4,0.005,8,1250,1.0,0.0,3,3,5,3,10,106,617,2.83886
4,0.005,8,1250,1.0,0.0,3,3,5,3,10,106,618,2.83873
4,0.005,8,1250,1.0,0.0,3,3,5,3,10,106,619,2.83861
4,0.005,8,1250,1.0,0.0,3,3,5,3,10,106,620,2.83849
4,0.005,8,1250,1.0,0.0,3,3,5,3,10,106,621,2.83837
4,0.005,8,1250,1.0,0.0,3,3,5,3,10,106,622,2.83825
4,0.005,8,1250,1.0,0.0,3,3,5,3,10,106,623,2.83813
4,0.005,8,1250,1.0,0.0,3,3,5,3,10,106,624,2.83801
4,0.005,8,1250,1.0,0.0,3,3,5,3,10,106,625,2.8379
4,0.005,8,1250,1.0,0.0,3,3,5,3,10,106,626,2.83778
4,0.005,8,1250,1.0,0.0,3,3,5,3,10,106,627,2.83766
4,0.005,8,1250,1.0,0.0,3,3,5,3,10,106,628,2.83754
4,0.005,8,1250,1.0,0.0,3,3,5,3,10,106,629,2.83743
4,0.005,8,1250,1.0,0.0,3,3,5,3,10,106,630,2.83731
4,0.005,8,1250,1.0,0.0,3,3,5,3,10,106,631,2.8372
4,0.005,8,1250,1.0,0.0,3,3,5,3,10,106,632,2.83708
4,0.005,8,1250,1.0,0.0,3,3,5,3,10,106,633,2.83697
4,0.005,8,1250,1.0,0.0,3,3,5,3,10,106,634,2.83685
4,0.005,8,1250,1.0,0.0,3,3,5,3,10,106,635,2.83674
4,0.005,8,1250,1.0,0.0,3,3,5,3,10,106,636,2.83663
4,0.005,8,1250,1.0,0.0,3,3,5,3,10,106,637,2.83652
4,0.005,8,1250,1.0,0.0,3,3,5,3,10,106,638,2.8364
4,0.005,8,1250,1.0,0.0,3,3,5,3,10,106,639,2.83629
4,0.005,8,1250,1.0,0.0,3,3,5,3,10,106,640,2.83618
4,0.005,8,1250,1.0,0.0,3,3,5,3,10,106,641,2.83607
4,0.005,8,1250,1.0,0.0,3,3,5,3,10,106,642,2.83596
4,0.005,8,1250,1.0,0.0,3,3,5,3,10,106,643,2.83585
4,0.005,8,1250,1.0,0.0,3,3,5,3,10,106,644,2.83574
4,0.005,8,1250,1.0,0.0,3,3,5,3,10,106,645,2.83564
4,0.005,8,1250,1.0,0.0,3,3,5,3,10,106,646,2.83553
4,0.005,8,1250,1.0,0.0,3,3,5,3,10,106,647,2.83542
4,0.005,8,1250,1.0,0.0,3,3,5,3,10,106,648,2.83531
4,0.005,8,1250,1.0,0.0,3,3,5,3,10,106,649,2.83521
4,0.005,8,1250,1.0,0.0,3,3,5,3,10,106,650,2.8351
4,0.005,8,1250,1.0,0.0,3,3,5,3,10,106,651,2.83499
4,0.005,8,1250,1.0,0.0,3,3,5,3,10,106,652,2.83489
4,0.005,8,1250,1.0,0.0,3,3,5,3,10,106,653,2.83478
4,0.005,8,1250,1.0,0.0,3,3,5,3,10,106,654,2.83468
4,0.005,8,1250,1.0,0.0,3,3,5,3,10,106,655,2.83458
4,0.005,8,1250,1.0,0.0,3,3,5,3,10,106,656,2.83447
4,0.005,8,1250,1.0,0.0,3,3,5,3,10,106,657,2.83437
4,0.005,8,1250,1.0,0.0,3,3,5,3,10,106,658,2.83427
4,0.005,8,1250,1.0,0.0,3,3,5,3,10,106,659,2.83417
4,0.005,8,1250,1.0,0.0,3,3,5,3,10,106,660,2.83406
4,0.005,8,1250,1.0,0.0,3,3,5,3,10,106,661,2.83396
4,0.005,8,1250,1.0,0.0,3,3,5,3,10,106,662,2.83386
4,0.005,8,1250,1.0,0.0,3,3,5,3,10,106,663,2.83376
4,0.005,8,1250,1.0,0.0,3,3,5,3,10,106,664,2.83366
4,0.005,8,1250,1.0,0.0,3,3,5,3,10,106,665,2.83356
4,0.005,8,1250,1.0,0.0,3,3,5,3,10,106,666,2.83346
4,0.005,8,1250,1.0,0.0,3,3,5,3,10,106,667,2.83337
4,0.005,8,1250,1.0,0.0,3,3,5,3,10,106,668,2.83327
4,0.005,8,1250,1.0,0.0,3,3,5,3,10,106,669,2.83317
4,0.005,8,1250,1.0,0.0,3,3,5,3,10,106,670,2.83307
4,0.005,8,1250,1.0,0.0,3,3,5,3,10,106,671,2.83298
4,0.005,8,1250,1.0,0.0,3,3,5,3,10,106,672,2.83288
4,0.005,8,1250,1.0,0.0,3,3,5,3,10,106,673,2.83278
4,0.005,8,1250,1.0,0.0,3,3,5,3,10,106,674,2.83269
4,0.005,8,1250,1.0,0.0,3,3,5,3,10,106,675,2.83259
4,0.005,8,1250,1.0,0.0,3,3,5,3,10,106,676,2.8325
4,0.005,8,1250,1.0,0.0,3,3,5,3,10,106,677,2.8324
4,0.005,8,1250,1.0,0.0,3,3,5,3,10,106,678,2.83231
4,0.005,8,1250,1.0,0.0,3,3,5,3,10,106,679,2.83222
4,0.005,8,1250,1.0,0.0,3,3,5,3,10,106,680,2.83212
4,0.005,8,1250,1.0,0.0,3,3,5,3,10,106,681,2.83203
4,0.005,8,1250,1.0,0.0,3,3,5,3,10,106,682,2.83194
4,0.005,8,1250,1.0,0.0,3,3,5,3,10,106,683,2.83185
4,0.005,8,1250,1.0,0.0,3,3,5,3,10,106,684,2.83175
4,0.005,8,1250,1.0,0.0,3,3,5,3,10,106,685,2.83166
4,0.005,8,1250,1.0,0.0,3,3,5,3,10,106,686,2.83157
4,0.005,8,1250,1.0,0.0,3,3,5,3,10,106,687,2.83148
4,0.005,8,1250,1.0,0.0,3,3,5,3,10,106,688,2.83139
4,0.005,8,1250,1.0,0.0,3,3,5,3,10,106,689,2.8313
4,0.005,8,1250,1.0,0.0,3,3,5,3,10,106,690,2.83121
4,0.005,8,1250,1.0,0.0,3,3,5,3,10,106,691,2.83112
4,0.005,8,1250,1.0,0.0,3,3,5,3,10,106,692,2.83103
4,0.005,8,1250,1.0,0.0,3,3,5,3,10,106,693,2.83094
4,0.005,8,1250,1.0,0.0,3,3,5,3,10,106,694,2.83085
4,0.005,8,1250,1.0,0.0,3,3,5,3,10,106,695,2.83077
4,0.005,8,1250,1.0,0.0,3,3,5,3,10,106,696,2.83068
4,0.005,8,1250,1.0,0.0,3,3,5,3,10,106,697,2.83059
4,0.005,8,1250,1.0,0.0,3,3,5,3,10,106,698,2.8305
4,0.005,8,1250,1.0,0.0,3,3,5,3,10,106,699,2.83042
4,0.005,8,1250,1.0,0.0,3,3,5,3,10,106,700,2.83033
4,0.005,8,1250,1.0,0.0,3,3,5,3,10,106,-1,14.186
4,0.005,8,1250,1.0,0.0,3,3,5,3,10,106,701,2.83025
4,0.005,8,1250,1.0,0.0,3,3,5,3,10,106,702,2.83016
4,0.005,8,1250,1.0,0.0,3,3,5,3,10,106,703,2.83007
4,0.005,8,1250,1.0,0.0,3,3,5,3,10,106,704,2.82999
4,0.005,8,1250,1.0,0.0,3,3,5,3,10,106,705,2.82991
4,0.005,8,1250,1.0,0.0,3,3,5,3,10,106,706,2.82982
4,0.005,8,1250,1.0,0.0,3,3,5,3,10,106,707,2.82974
4,0.005,8,1250,1.0,0.0,3,3,5,3,10,106,708,2.82965
4,0.005,8,1250,1.0,0.0,3,3,5,3,10,106,709,2.82957
4,0.005,8,1250,1.0,0.0,3,3,5,3,10,106,710,2.82949
4,0.005,8,1250,1.0,0.0,3,3,5,3,10,106,711,2.8294
4,0.005,8,1250,1.0,0.0,3,3,5,3,10,106,712,2.82932
4,0.005,8,1250,1.0,0.0,3,3,5,3,10,106,713,2.82924
4,0.005,8,1250,1.0,0.0,3,3,5,3,10,106,714,2.82916
4,0.005,8,1250,1.0,0.0,3,3,5,3,10,106,715,2.82907
4,0.005,8,1250,1.0,0.0,3,3,5,3,10,106,716,2.82899
4,0.005,8,1250,1.0,0.0,3,3,5,3,10,106,717,2.82891
4,0.005,8,1250,1.0,0.0,3,3,5,3,10,106,718,2.82883
4,0.005,8,1250,1.0,0.0,3,3,5,3,10,106,719,2.82875
4,0.005,8,1250,1.0,0.0,3,3,5,3,10,106,720,2.82867
4,0.005,8,1250,1.0,0.0,3,3,5,3,10,106,721,2.82859
4,0.005,8,1250,1.0,0.0,3,3,5,3,10,106,722,2.82851
4,0.005,8,1250,1.0,0.0,3,3,5,3,10,106,723,2.82843
4,0.005,8,1250,1.0,0.0,3,3,5,3,10,106,724,2.82835
4,0.005,8,1250,1.0,0.0,3,3,5,3,10,106,725,2.82827
4,0.005,8,1250,1.0,0.0,3,3,5,3,10,106,726,2.8282
4,0.005,8,1250,1.0,0.0,3,3,5,3,10,106,727,2.82812
4,0.005,8,1250,1.0,0.0,3,3,5,3,10,106,728,2.82804
4,0.005,8,1250,1.0,0.0,3,3,5,3,10,106,729,2.82796
4,0.005,8,1250,1.0,0.0,3,3,5,3,10,106,730,2.82789
4,0.005,8,1250,1.0,0.0,3,3,5,3,10,106,731,2.82781
4,0.005,8,1250,1.0,0.0,3,3,5,3,10,106,732,2.82773
4,0.005,8,1250,1.0,0.0,3,3,5,3,10,106,733,2.82765
4,0.005,8,1250,1.0,0.0,3,3,5,3,10,106,734,2.82758
4,0.005,8,1250,1.0,0.0,3,3,5,3,10,106,735,2.8275
4,0.005,8,1250,1.0,0.0,3,3,5,3,10,106,736,2.82743
4,0.005,8,1250,1.0,0.0,3,3,5,3,10,106,737,2.82735
4,0.005,8,1250,1.0,0.0,3,3,5,3,10,106,738,2.82728
4,0.005,8,1250,1.0,0.0,3,3,5,3,10,106,739,2.8272
4,0.005,8,1250,1.0,0.0,3,3,5,3,10,106,740,2.82712
4,0.005,8,1250,1.0,0.0,3,3,5,3,10,106,741,2.82705
4,0.005,8,1250,1.0,0.0,3,3,5,3,10,106,742,2.82698
4,0.005,8,1250,1.0,0.0,3,3,5,3,10,106,743,2.8269
4,0.005,8,1250,1.0,0.0,3,3,5,3,10,106,744,2.82683
4,0.005,8,1250,1.0,0.0,3,3,5,3,10,106,745,2.82675
4,0.005,8,1250,1.0,0.0,3,3,5,3,10,106,746,2.82668
4,0.005,8,1250,1.0,0.0,3,3,5,3,10,106,747,2.82661
4,0.005,8,1250,1.0,0.0,3,3,5,3,10,106,748,2.82654
4,0.005,8,1250,1.0,0.0,3,3,5,3,10,106,749,2.82646
4,0.005,8,1250,1.0,0.0,3,3,5,3,10,106,750,2.82639
4,0.005,8,1250,1.0,0.0,3,3,5,3,10,106,751,2.82632
4,0.005,8,1250,1.0,0.0,3,3,5,3,10,106,752,2.82625
4,0.005,8,1250,1.0,0.0,3,3,5,3,10,106,753,2.82617
4,0.005,8,1250,1.0,0.0,3,3,5,3,10,106,754,2.8261
4,0.005,8,1250,1.0,0.0,3,3,5,3,10,106,755,2.82603
4,0.005,8,1250,1.0,0.0,3,3,5,3,10,106,756,2.82596
4,0.005,8,1250,1.0,0.0,3,3,5,3,10,106,757,2.82589
4,0.005,8,1250,1.0,0.0,3,3,5,3,10,106,758,2.82582
4,0.005,8,1250,1.0,0.0,3,3,5,3,10,106,759,2.82575
4,0.005,8,1250,1.0,0.0,3,3,5,3,10,106,760,2.82568
4,0.005,8,1250,1.0,0.0,3,3,5,3,10,106,761,2.82561
4,0.005,8,1250,1.0,0.0,3,3,5,3,10,106,762,2.82554
4,0.005,8,1250,1.0,0.0,3,3,5,3,10,106,763,2.82547
4,0.005,8,1250,1.0,0.0,3,3,5,3,10,106,764,2.8254
4,0.005,8,1250,1.0,0.0,3,3,5,3,10,106,765,2.82533
4,0.005,8,1250,1.0,0.0,3,3,5,3,10,106,766,2.82526
4,0.005,8,1250,1.0,0.0,3,3,5,3,10,106,767,2.82519
4,0.005,8,1250,1.0,0.0,3,3,5,3,10,106,768,2.82513
4,0.005,8,1250,1.0,0.0,3,3,5,3,10,106,769,2.82506
4,0.005,8,1250,1.0,0.0,3,3,5,3,10,106,770,2.82499
4,0.005,8,1250,1.0,0.0,3,3,5,3,10,106,771,2.82492
4,0.005,8,1250,1.0,0.0,3,3,5,3,10,106,772,2.82485
4,0.005,8,1250,1.0,0.0,3,3,5,3,10,106,773,2.82479
4,0.005,8,1250,1.0,0.0,3,3,5,3,10,106,774,2.82472
4,0.005,8,1250,1.0,0.0,3,3,5,3,10,106,775,2.82465
4,0.005,8,1250,1.0,0.0,3,3,5,3,10,106,776,2.82459
4,0.005,8,1250,1.0,0.0,3,3,5,3,10,106,777,2.82452
4,0.005,8,1250,1.0,0.0,3,3,5,3,10,106,778,2.82445
4,0.005,8,1250,1.0,0.0,3,3,5,3,10,106,779,2.82439
4,0.005,8,1250,1.0,0.0,3,3,5,3,10,106,780,2.82432
4,0.005,8,1250,1.0,0.0,3,3,5,3,10,106,781,2.82426
4,0.005,8,1250,1.0,0.0,3,3,5,3,10,106,782,2.82419
4,0.005,8,1250,1.0,0.0,3,3,5,3,10,106,783,2.82413
4,0.005,8,1250,1.0,0.0,3,3,5,3,10,106,784,2.82406
4,0.005,8,1250,1.0,0.0,3,3,5,3,10,106,785,2.824
4,0.005,8,1250,1.0,0.0,3,3,5,3,10,106,786,2.82393
4,0.005,8,1250,1.0,0.0,3,3,5,3,10,106,787,2.82387
4,0.005,8,1250,1.0,0.0,3,3,5,3,10,106,788,2.8238
4,0.005,8,1250,1.0,0.0,3,3,5,3,10,106,789,2.82374
4,0.005,8,1250,1.0,0.0,3,3,5,3,10,106,790,2.82367
4,0.005,8,1250,1.0,0.0,3,3,5,3,10,106,791,2.82361
4,0.005,8,1250,1.0,0.0,3,3,5,3,10,106,792,2.82355
4,0.005,8,1250,1.0,0.0,3,3,5,3,10,106,793,2.82348
4,0.005,8,1250,1.0,0.0,3,3,5,3,10,106,794,2.82342
4,0.005,8,1250,1.0,0.0,3,3,5,3,10,106,795,2.82336
4,0.005,8,1250,1.0,0.0,3,3,5,3,10,106,796,2.8233
4,0.005,8,1250,1.0,0.0,3,3,5,3,10,106,797,2.82323
4,0.005,8,1250,1.0,0.0,3,3,5,3,10,106,798,2.82317
4,0.005,8,1250,1.0,0.0,3,3,5,3,10,106,799,2.82311
4,0.005,8,1250,1.0,0.0,3,3,5,3,10,106,800,2.82305
4,0.005,8,1250,1.0,0.0,3,3,5,3,10,106,-1,14.1048
4,0.005,8,1250,1.0,0.0,3,3,5,3,10,106,801,2.82298
4,0.005,8,1250,1.0,0.0,3,3,5,3,10,106,802,2.82292
4,0.005,8,1250,1.0,0.0,3,3,5,3,10,106,803,2.82286
4,0.005,8,1250,1.0,0.0,3,3,5,3,10,106,804,2.8228
4,0.005,8,1250,1.0,0.0,3,3,5,3,10,106,805,2.82274
4,0.005,8,1250,1.0,0.0,3,3,5,3,10,106,806,2.82268
4,0.005,8,1250,1.0,0.0,3,3,5,3,10,106,807,2.82262
4,0.005,8,1250,1.0,0.0,3,3,5,3,10,106,808,2.82256
4,0.005,8,1250,1.0,0.0,3,3,5,3,10,106,809,2.8225
4,0.005,8,1250,1.0,0.0,3,3,5,3,10,106,810,2.82244
4,0.005,8,1250,1.0,0.0,3,3,5,3,10,106,811,2.82238
4,0.005,8,1250,1.0,0.0,3,3,5,3,10,106,812,2.82232
4,0.005,8,1250,1.0,0.0,3,3,5,3,10,106,813,2.82226
4,0.005,8,1250,1.0,0.0,3,3,5,3,10,106,814,2.8222
4,0.005,8,1250,1.0,0.0,3,3,5,3,10,106,815,2.82214
4,0.005,8,1250,1.0,0.0,3,3,5,3,10,106,816,2.82208
4,0.005,8,1250,1.0,0.0,3,3,5,3,10,106,817,2.82202
4,0.005,8,1250,1.0,0.0,3,3,5,3,10,106,818,2.82196
4,0.005,8,1250,1.0,0.0,3,3,5,3,10,106,819,2.8219
4,0.005,8,1250,1.0,0.0,3,3,5,3,10,106,820,2.82184
4,0.005,8,1250,1.0,0.0,3,3,5,3,10,106,821,2.82179
4,0.005,8,1250,1.0,0.0,3,3,5,3,10,106,822,2.82173
4,0.005,8,1250,1.0,0.0,3,3,5,3,10,106,823,2.82167
4,0.005,8,1250,1.0,0.0,3,3,5,3,10,106,824,2.82161
4,0.005,8,1250,1.0,0.0,3,3,5,3,10,106,825,2.82156
4,0.005,8,1250,1.0,0.0,3,3,5,3,10,106,826,2.8215
4,0.005,8,1250,1.0,0.0,3,3,5,3,10,106,827,2.82144
4,0.005,8,1250,1.0,0.0,3,3,5,3,10,106,828,2.82138
4,0.005,8,1250,1.0,0.0,3,3,5,3,10,106,829,2.82133
4,0.005,8,1250,1.0,0.0,3,3,5,3,10,106,830,2.82127
4,0.005,8,1250,1.0,0.0,3,3,5,3,10,106,831,2.82121
4,0.005,8,1250,1.0,0.0,3,3,5,3,10,106,832,2.82116
4,0.005,8,1250,1.0,0.0,3,3,5,3,10,106,833,2.8211
4,0.005,8,1250,1.0,0.0,3,3,5,3,10,106,834,2.82105
4,0.005,8,1250,1.0,0.0,3,3,5,3,10,106,835,2.82099
4,0.005,8,1250,1.0,0.0,3,3,5,3,10,106,836,2.82093
4,0.005,8,1250,1.0,0.0,3,3,5,3,10,106,837,2.82088
4,0.005,8,1250,1.0,0.0,3,3,5,3,10,106,838,2.82082
4,0.005,8,1250,1.0,0.0,3,3,5,3,10,106,839,2.82077
4,0.005,8,1250,1.0,0.0,3,3,5,3,10,106,840,2.82071
4,0.005,8,1250,1.0,0.0,3,3,5,3,10,106,841,2.82066
4,0.005,8,1250,1.0,0.0,3,3,5,3,10,106,842,2.8206
4,0.005,8,1250,1.0,0.0,3,3,5,3,10,106,843,2.82055
4,0.005,8,1250,1.0,0.0,3,3,5,3,10,106,844,2.82049
4,0.005,8,1250,1.0,0.0,3,3,5,3,10,106,845,2.82044
4,0.005,8,1250,1.0,0.0,3,3,5,3,10,106,846,2.82039
4,0.005,8,1250,1.0,0.0,3,3,5,3,10,106,847,2.82033
4,0.005,8,1250,1.0,0.0,3,3,5,3,10,106,848,2.82028
4,0.005,8,1250,1.0,0.0,3,3,5,3,10,106,849,2.82022
4,0.005,8,1250,1.0,0.0,3,3,5,3,10,106,850,2.82017
4,0.005,8,1250,1.0,0.0,3,3,5,3,10,106,851,2.82012
4,0.005,8,1250,1.0,0.0,3,3,5,3,10,106,852,2.82006
4,0.005,8,1250,1.0,0.0,3,3,5,3,10,106,853,2.82001
4,0.005,8,1250,1.0,0.0,3,3,5,3,10,106,854,2.81996
4,0.005,8,1250,1.0,0.0,3,3,5,3,10,106,855,2.8199
4,0.005,8,1250,1.0,0.0,3,3,5,3,10,106,856,2.81985
4,0.005,8,1250,1.0,0.0,3,3,5,3,10,106,857,2.8198
4,0.005,8,1250,1.0,0.0,3,3,5,3,10,106,858,2.81975
4,0.005,8,1250,1.0,0.0,3,3,5,3,10,106,859,2.8197
4,0.005,8,1250,1.0,0.0,3,3,5,3,10,106,860,2.81964
4,0.005,8,1250,1.0,0.0,3,3,5,3,10,106,861,2.81959
4,0.005,8,1250,1.0,0.0,3,3,5,3,10,106,862,2.81954
4,0.005,8,1250,1.0,0.0,3,3,5,3,10,106,863,2.81949
4,0.005,8,1250,1.0,0.0,3,3,5,3,10,106,864,2.81944
4,0.005,8,1250,1.0,0.0,3,3,5,3,10,106,865,2.81939
4,0.005,8,1250,1.0,0.0,3,3,5,3,10,106,866,2.81933
4,0.005,8,1250,1.0,0.0,3,3,5,3,10,106,867,2.81928
4,0.005,8,1250,1.0,0.0,3,3,5,3,10,106,868,2.81923
4,0.005,8,1250,1.0,0.0,3,3,5,3,10,106,869,2.81918
4,0.005,8,1250,1.0,0.0,3,3,5,3,10,106,870,2.81913
4,0.005,8,1250,1.0,0.0,3,3,5,3,10,106,871,2.81908
4,0.005,8,1250,1.0,0.0,3,3,5,3,10,106,872,2.81903
4,0.005,8,1250,1.0,0.0,3,3,5,3,10,106,873,2.81898
4,0.005,8,1250,1.0,0.0,3,3,5,3,10,106,874,2.81893
4,0.005,8,1250,1.0,0.0,3,3,5,3,10,106,875,2.81888
4,0.005,8,1250,1.0,0.0,3,3,5,3,10,106,876,2.81883
4,0.005,8,1250,1.0,0.0,3,3,5,3,10,106,877,2.81878
4,0.005,8,1250,1.0,0.0,3,3,5,3,10,106,878,2.81873
4,0.005,8,1250,1.0,0.0,3,3,5,3,10,106,879,2.81868
4,0.005,8,1250,1.0,0.0,3,3,5,3,10,106,880,2.81863
4,0.005,8,1250,1.0,0.0,3,3,5,3,10,106,881,2.81858
4,0.005,8,1250,1.0,0.0,3,3,5,3,10,106,882,2.81854
4,0.005,8,1250,1.0,0.0,3,3,5,3,10,106,883,2.81849
4,0.005,8,1250,1.0,0.0,3,3,5,3,10,106,884,2.81844
4,0.005,8,1250,1.0,0.0,3,3,5,3,10,106,885,2.81839
4,0.005,8,1250,1.0,0.0,3,3,5,3,10,106,886,2.81834
4,0.005,8,1250,1.0,0.0,3,3,5,3,10,106,887,2.81829
4,0.005,8,1250,1.0,0.0,3,3,5,3,10,106,888,2.81824
4,0.005,8,1250,1.0,0.0,3,3,5,3,10,106,889,2.8182
4,0.005,8,1250,1.0,0.0,3,3,5,3,10,106,890,2.81815
4,0.005,8,1250,1.0,0.0,3,3,5,3,10,106,891,2.8181
4,0.005,8,1250,1.0,0.0,3,3,5,3,10,106,892,2.81805
4,0.005,8,1250,1.0,0.0,3,3,5,3,10,106,893,2.81801
4,0.005,8,1250,1.0,0.0,3,3,5,3,10,106,894,2.81796
4,0.005,8,1250,1.0,0.0,3,3,5,3,10,106,895,2.81791
4,0.005,8,1250,1.0,0.0,3,3,5,3,10,106,896,2.81787
4,0.005,8,1250,1.0,0.0,3,3,5,3,10,106,897,2.81782
4,0.005,8,1250,1.0,0.0,3,3,5,3,10,106,898,2.81777
4,0.005,8,1250,1.0,0.0,3,3,5,3,10,106,899,2.81772
4,0.005,8,1250,1.0,0.0,3,3,5,3,10,106,900,2.81768
4,0.005,8,1250,1.0,0.0,3,3,5,3,10,106,-1,14.0484
4,0.005,8,1250,1.0,0.0,3,3,5,3,10,106,901,2.81763
4,0.005,8,1250,1.0,0.0,3,3,5,3,10,106,902,2.81759
4,0.005,8,1250,1.0,0.0,3,3,5,3,10,106,903,2.81754
4,0.005,8,1250,1.0,0.0,3,3,5,3,10,106,904,2.81749
4,0.005,8,1250,1.0,0.0,3,3,5,3,10,106,905,2.81745
4,0.005,8,1250,1.0,0.0,3,3,5,3,10,106,906,2.8174
4,0.005,8,1250,1.0,0.0,3,3,5,3,10,106,907,2.81736
4,0.005,8,1250,1.0,0.0,3,3,5,3,10,106,908,2.81731
4,0.005,8,1250,1.0,0.0,3,3,5,3,10,106,909,2.81727
4,0.005,8,1250,1.0,0.0,3,3,5,3,10,106,910,2.81722
4,0.005,8,1250,1.0,0.0,3,3,5,3,10,106,911,2.81717
4,0.005,8,1250,1.0,0.0,3,3,5,3,10,106,912,2.81713
4,0.005,8,1250,1.0,0.0,3,3,5,3,10,106,913,2.81708
4,0.005,8,1250,1.0,0.0,3,3,5,3,10,106,914,2.81704
4,0.005,8,1250,1.0,0.0,3,3,5,3,10,106,915,2.817
4,0.005,8,1250,1.0,0.0,3,3,5,3,10,106,916,2.81695
4,0.005,8,1250,1.0,0.0,3,3,5,3,10,106,917,2.81691
4,0.005,8,1250,1.0,0.0,3,3,5,3,10,106,918,2.81686
4,0.005,8,1250,1.0,0.0,3,3,5,3,10,106,919,2.81682
4,0.005,8,1250,1.0,0.0,3,3,5,3,10,106,920,2.81677
4,0.005,8,1250,1.0,0.0,3,3,5,3,10,106,921,2.81673
4,0.005,8,1250,1.0,0.0,3,3,5,3,10,106,922,2.81669
4,0.005,8,1250,1.0,0.0,3,3,5,3,10,106,923,2.81664
4,0.005,8,1250,1.0,0.0,3,3,5,3,10,106,924,2.8166
4,0.005,8,1250,1.0,0.0,3,3,5,3,10,106,925,2.81655
4,0.005,8,1250,1.0,0.0,3,3,5,3,10,106,926,2.81651
4,0.005,8,1250,1.0,0.0,3,3,5,3,10,106,927,2.81647
4,0.005,8,1250,1.0,0.0,3,3,5,3,10,106,928,2.81642
4,0.005,8,1250,1.0,0.0,3,3,5,3,10,106,929,2.81638
4,0.005,8,1250,1.0,0.0,3,3,5,3,10,106,930,2.81634
4,0.005,8,1250,1.0,0.0,3,3,5,3,10,106,931,2.81629
4,0.005,8,1250,1.0,0.0,3,3,5,3,10,106,932,2.81625
4,0.005,8,1250,1.0,0.0,3,3,5,3,10,106,933,2.81621
4,0.005,8,1250,1.0,0.0,3,3,5,3,10,106,934,2.81617
4,0.005,8,1250,1.0,0.0,3,3,5,3,10,106,935,2.81612
4,0.005,8,1250,1.0,0.0,3,3,5,3,10,106,936,2.81608
4,0.005,8,1250,1.0,0.0,3,3,5,3,10,106,937,2.81604
4,0.005,8,1250,1.0,0.0,3,3,5,3,10,106,938,2.816
4,0.005,8,1250,1.0,0.0,3,3,5,3,10,106,939,2.81596
4,0.005,8,1250,1.0,0.0,3,3,5,3,10,106,940,2.81591
4,0.005,8,1250,1.0,0.0,3,3,5,3,10,106,941,2.81587
4,0.005,8,1250,1.0,0.0,3,3,5,3,10,106,942,2.81583
4,0.005,8,1250,1.0,0.0,3,3,5,3,10,106,943,2.81579
4,0.005,8,1250,1.0,0.0,3,3,5,3,10,106,944,2.81575
4,0.005,8,1250,1.0,0.0,3,3,5,3,10,106,945,2.8157
4,0.005,8,1250,1.0,0.0,3,3,5,3,10,106,946,2.81566
4,0.005,8,1250,1.0,0.0,3,3,5,3,10,106,947,2.81562
4,0.005,8,1250,1.0,0.0,3,3,5,3,10,106,948,2.81558
4,0.005,8,1250,1.0,0.0,3,3,5,3,10,106,949,2.81554
4,0.005,8,1250,1.0,0.0,3,3,5,3,10,106,950,2.8155
4,0.005,8,1250,1.0,0.0,3,3,5,3,10,106,951,2.81546
4,0.005,8,1250,1.0,0.0,3,3,5,3,10,106,952,2.81542
4,0.005,8,1250,1.0,0.0,3,3,5,3,10,106,953,2.81538
4,0.005,8,1250,1.0,0.0,3,3,5,3,10,106,954,2.81534
4,0.005,8,1250,1.0,0.0,3,3,5,3,10,106,955,2.8153
4,0.005,8,1250,1.0,0.0,3,3,5,3,10,106,956,2.81526
4,0.005,8,1250,1.0,0.0,3,3,5,3,10,106,957,2.81522
4,0.005,8,1250,1.0,0.0,3,3,5,3,10,106,958,2.81518
4,0.005,8,1250,1.0,0.0,3,3,5,3,10,106,959,2.81514
4,0.005,8,1250,1.0,0.0,3,3,5,3,10,106,960,2.8151
4,0.005,8,1250,1.0,0.0,3,3,5,3,10,106,961,2.81506
4,0.005,8,1250,1.0,0.0,3,3,5,3,10,106,962,2.81502
4,0.005,8,1250,1.0,0.0,3,3,5,3,10,106,963,2.81498
4,0.005,8,1250,1.0,0.0,3,3,5,3,10,106,964,2.81494
4,0.005,8,1250,1.0,0.0,3,3,5,3,10,106,965,2.8149
4,0.005,8,1250,1.0,0.0,3,3,5,3,10,106,966,2.81486
4,0.005,8,1250,1.0,0.0,3,3,5,3,10,106,967,2.81482
4,0.005,8,1250,1.0,0.0,3,3,5,3,10,106,968,2.81478
4,0.005,8,1250,1.0,0.0,3,3,5,3,10,106,969,2.81474
4,0.005,8,1250,1.0,0.0,3,3,5,3,10,106,970,2.8147
4,0.005,8,1250,1.0,0.0,3,3,5,3,10,106,971,2.81466
4,0.005,8,1250,1.0,0.0,3,3,5,3,10,106,972,2.81463
4,0.005,8,1250,1.0,0.0,3,3,5,3,10,106,973,2.81459
4,0.005,8,1250,1.0,0.0,3,3,5,3,10,106,974,2.81455
4,0.005,8,1250,1.0,0.0,3,3,5,3,10,106,975,2.81451
4,0.005,8,1250,1.0,0.0,3,3,5,3,10,106,976,2.81447
4,0.005,8,1250,1.0,0.0,3,3,5,3,10,106,977,2.81443
4,0.005,8,1250,1.0,0.0,3,3,5,3,10,106,978,2.81439
4,0.005,8,1250,1.0,0.0,3,3,5,3,10,106,979,2.81436
4,0.005,8,1250,1.0,0.0,3,3,5,3,10,106,980,2.81432
4,0.005,8,1250,1.0,0.0,3,3,5,3,10,106,981,2.81428
4,0.005,8,1250,1.0,0.0,3,3,5,3,10,106,982,2.81424
4,0.005,8,1250,1.0,0.0,3,3,5,3,10,106,983,2.8142
4,0.005,8,1250,1.0,0.0,3,3,5,3,10,106,984,2.81417
4,0.005,8,1250,1.0,0.0,3,3,5,3,10,106,985,2.81413
4,0.005,8,1250,1.0,0.0,3,3,5,3,10,106,986,2.81409
4,0.005,8,1250,1.0,0.0,3,3,5,3,10,106,987,2.81405
4,0.005,8,1250,1.0,0.0,3,3,5,3,10,106,988,2.81402
4,0.005,8,1250,1.0,0.0,3,3,5,3,10,106,989,2.81398
4,0.005,8,1250,1.0,0.0,3,3,5,3,10,106,990,2.81394
4,0.005,8,1250,1.0,0.0,3,3,5,3,10,106,991,2.81391
4,0.005,8,1250,1.0,0.0,3,3,5,3,10,106,992,2.81387
4,0.005,8,1250,1.0,0.0,3,3,5,3,10,106,993,2.81383
4,0.005,8,1250,1.0,0.0,3,3,5,3,10,106,994,2.8138
4,0.005,8,1250,1.0,0.0,3,3,5,3,10,106,995,2.81376
4,0.005,8,1250,1.0,0.0,3,3,5,3,10,106,996,2.81372
4,0.005,8,1250,1.0,0.0,3,3,5,3,10,106,997,2.81369
4,0.005,8,1250,1.0,0.0,3,3,5,3,10,106,998,2.81365
4,0.005,8,1250,1.0,0.0,3,3,5,3,10,106,999,2.81361
4,0.005,8,1250,1.0,0.0,3,3,5,3,10,106,1000,2.81358
4,0.005,8,1250,1.0,0.0,3,3,5,3,10,106,-1,14.0082
4,0.005,8,1250,1.0,0.0,3,3,5,3,10,106,1001,2.81354
4,0.005,8,1250,1.0,0.0,3,3,5,3,10,106,1002,2.8135
4,0.005,8,1250,1.0,0.0,3,3,5,3,10,106,1003,2.81347
4,0.005,8,1250,1.0,0.0,3,3,5,3,10,106,1004,2.81343
4,0.005,8,1250,1.0,0.0,3,3,5,3,10,106,1005,2.8134
4,0.005,8,1250,1.0,0.0,3,3,5,3,10,106,1006,2.81336
4,0.005,8,1250,1.0,0.0,3,3,5,3,10,106,1007,2.81332
4,0.005,8,1250,1.0,0.0,3,3,5,3,10,106,1008,2.81329
4,0.005,8,1250,1.0,0.0,3,3,5,3,10,106,1009,2.81325
4,0.005,8,1250,1.0,0.0,3,3,5,3,10,106,1010,2.81322
4,0.005,8,1250,1.0,0.0,3,3,5,3,10,106,1011,2.81318
4,0.005,8,1250,1.0,0.0,3,3,5,3,10,106,1012,2.81315
4,0.005,8,1250,1.0,0.0,3,3,5,3,10,106,1013,2.81311
4,0.005,8,1250,1.0,0.0,3,3,5,3,10,106,1014,2.81308
4,0.005,8,1250,1.0,0.0,3,3,5,3,10,106,1015,2.81304
4,0.005,8,1250,1.0,0.0,3,3,5,3,10,106,1016,2.81301
4,0.005,8,1250,1.0,0.0,3,3,5,3,10,106,1017,2.81297
4,0.005,8,1250,1.0,0.0,3,3,5,3,10,106,1018,2.81294
4,0.005,8,1250,1.0,0.0,3,3,5,3,10,106,1019,2.8129
4,0.005,8,1250,1.0,0.0,3,3,5,3,10,106,1020,2.81287
4,0.005,8,1250,1.0,0.0,3,3,5,3,10,106,1021,2.81283
4,0.005,8,1250,1.0,0.0,3,3,5,3,10,106,1022,2.8128
4,0.005,8,1250,1.0,0.0,3,3,5,3,10,106,1023,2.81276
4,0.005,8,1250,1.0,0.0,3,3,5,3,10,106,1024,2.81273
4,0.005,8,1250,1.0,0.0,3,3,5,3,10,106,1025,2.81269
4,0.005,8,1250,1.0,0.0,3,3,5,3,10,106,1026,2.81266
4,0.005,8,1250,1.0,0.0,3,3,5,3,10,106,1027,2.81263
4,0.005,8,1250,1.0,0.0,3,3,5,3,10,106,1028,2.81259
4,0.005,8,1250,1.0,0.0,3,3,5,3,10,106,1029,2.81256
4,0.005,8,1250,1.0,0.0,3,3,5,3,10,106,1030,2.81252
4,0.005,8,1250,1.0,0.0,3,3,5,3,10,106,1031,2.81249
4,0.005,8,1250,1.0,0.0,3,3,5,3,10,106,1032,2.81245
4,0.005,8,1250,1.0,0.0,3,3,5,3,10,106,1033,2.81242
4,0.005,8,1250,1.0,0.0,3,3,5,3,10,106,1034,2.81239
4,0.005,8,1250,1.0,0.0,3,3,5,3,10,106,1035,2.81235
4,0.005,8,1250,1.0,0.0,3,3,5,3,10,106,1036,2.81232
4,0.005,8,1250,1.0,0.0,3,3,5,3,10,106,1037,2.81229
4,0.005,8,1250,1.0,0.0,3,3,5,3,10,106,1038,2.81225
4,0.005,8,1250,1.0,0.0,3,3,5,3,10,106,1039,2.81222
4,0.005,8,1250,1.0,0.0,3,3,5,3,10,106,1040,2.81219
4,0.005,8,1250,1.0,0.0,3,3,5,3,10,106,1041,2.81215
4,0.005,8,1250,1.0,0.0,3,3,5,3,10,106,1042,2.81212
4,0.005,8,1250,1.0,0.0,3,3,5,3,10,106,1043,2.81209
4,0.005,8,1250,1.0,0.0,3,3,5,3,10,106,1044,2.81206
4,0.005,8,1250,1.0,0.0,3,3,5,3,10,106,1045,2.81202
4,0.005,8,1250,1.0,0.0,3,3,5,3,10,106,1046,2.81199
4,0.005,8,1250,1.0,0.0,3,3,5,3,10,106,1047,2.81196
4,0.005,8,1250,1.0,0.0,3,3,5,3,10,106,1048,2.81192
4,0.005,8,1250,1.0,0.0,3,3,5,3,10,106,1049,2.81189
4,0.005,8,1250,1.0,0.0,3,3,5,3,10,106,1050,2.81186
4,0.005,8,1250,1.0,0.0,3,3,5,3,10,106,1051,2.81182
4,0.005,8,1250,1.0,0.0,3,3,5,3,10,106,1052,2.81179
4,0.005,8,1250,1.0,0.0,3,3,5,3,10,106,1053,2.81176
4,0.005,8,1250,1.0,0.0,3,3,5,3,10,106,1054,2.81173
4,0.005,8,1250,1.0,0.0,3,3,5,3,10,106,1055,2.8117
4,0.005,8,1250,1.0,0.0,3,3,5,3,10,106,1056,2.81166
4,0.005,8,1250,1.0,0.0,3,3,5,3,10,106,1057,2.81163
4,0.005,8,1250,1.0,0.0,3,3,5,3,10,106,1058,2.8116
4,0.005,8,1250,1.0,0.0,3,3,5,3,10,106,1059,2.81157
4,0.005,8,1250,1.0,0.0,3,3,5,3,10,106,1060,2.81153
4,0.005,8,1250,1.0,0.0,3,3,5,3,10,106,1061,2.8115
4,0.005,8,1250,1.0,0.0,3,3,5,3,10,106,1062,2.81147
4,0.005,8,1250,1.0,0.0,3,3,5,3,10,106,1063,2.81144
4,0.005,8,1250,1.0,0.0,3,3,5,3,10,106,1064,2.81141
4,0.005,8,1250,1.0,0.0,3,3,5,3,10,106,1065,2.81138
4,0.005,8,1250,1.0,0.0,3,3,5,3,10,106,1066,2.81134
4,0.005,8,1250,1.0,0.0,3,3,5,3,10,106,1067,2.81131
4,0.005,8,1250,1.0,0.0,3,3,5,3,10,106,1068,2.81128
4,0.005,8,1250,1.0,0.0,3,3,5,3,10,106,1069,2.81125
4,0.005,8,1250,1.0,0.0,3,3,5,3,10,106,1070,2.81122
4,0.005,8,1250,1.0,0.0,3,3,5,3,10,106,1071,2.81119
4,0.005,8,1250,1.0,0.0,3,3,5,3,10,106,1072,2.81116
4,0.005,8,1250,1.0,0.0,3,3,5,3,10,106,1073,2.81113
4,0.005,8,1250,1.0,0.0,3,3,5,3,10,106,1074,2.81109
4,0.005,8,1250,1.0,0.0,3,3,5,3,10,106,1075,2.81106
4,0.005,8,1250,1.0,0.0,3,3,5,3,10,106,1076,2.81103
4,0.005,8,1250,1.0,0.0,3,3,5,3,10,106,1077,2.811
4,0.005,8,1250,1.0,0.0,3,3,5,3,10,106,1078,2.81097
4,0.005,8,1250,1.0,0.0,3,3,5,3,10,106,1079,2.81094
4,0.005,8,1250,1.0,0.0,3,3,5,3,10,106,1080,2.81091
4,0.005,8,1250,1.0,0.0,3,3,5,3,10,106,1081,2.81088
4,0.005,8,1250,1.0,0.0,3,3,5,3,10,106,1082,2.81085
4,0.005,8,1250,1.0,0.0,3,3,5,3,10,106,1083,2.81082
4,0.005,8,1250,1.0,0.0,3,3,5,3,10,106,1084,2.81079
4,0.005,8,1250,1.0,0.0,3,3,5,3,10,106,1085,2.81076
4,0.005,8,1250,1.0,0.0,3,3,5,3,10,106,1086,2.81073
4,0.005,8,1250,1.0,0.0,3,3,5,3,10,106,1087,2.8107
4,0.005,8,1250,1.0,0.0,3,3,5,3,10,106,1088,2.81066
4,0.005,8,1250,1.0,0.0,3,3,5,3,10,106,1089,2.81063
4,0.005,8,1250,1.0,0.0,3,3,5,3,10,106,1090,2.8106
4,0.005,8,1250,1.0,0.0,3,3,5,3,10,106,1091,2.81057
4,0.005,8,1250,1.0,0.0,3,3,5,3,10,106,1092,2.81054
4,0.005,8,1250,1.0,0.0,3,3,5,3,10,106,1093,2.81051
4,0.005,8,1250,1.0,0.0,3,3,5,3,10,106,1094,2.81048
4,0.005,8,1250,1.0,0.0,3,3,5,3,10,106,1095,2.81045
4,0.005,8,1250,1.0,0.0,3,3,5,3,10,106,1096,2.81042
4,0.005,8,1250,1.0,0.0,3,3,5,3,10,106,1097,2.81039
4,0.005,8,1250,1.0,0.0,3,3,5,3,10,106,1098,2.81037
4,0.005,8,1250,1.0,0.0,3,3,5,3,10,106,1099,2.81033
4,0.005,8,1250,1.0,0.0,3,3,5,3,10,106,1100,2.81031
4,0.005,8,1250,1.0,0.0,3,3,5,3,10,106,-1,13.9818
4,0.005,8,1250,1.0,0.0,3,3,5,3,10,106,1101,2.81028
4,0.005,8,1250,1.0,0.0,3,3,5,3,10,106,1102,2.81025
4,0.005,8,1250,1.0,0.0,3,3,5,3,10,106,1103,2.81022
4,0.005,8,1250,1.0,0.0,3,3,5,3,10,106,1104,2.81019
4,0.005,8,1250,1.0,0.0,3,3,5,3,10,106,1105,2.81016
4,0.005,8,1250,1.0,0.0,3,3,5,3,10,106,1106,2.81013
4,0.005,8,1250,1.0,0.0,3,3,5,3,10,106,1107,2.8101
4,0.005,8,1250,1.0,0.0,3,3,5,3,10,106,1108,2.81007
4,0.005,8,1250,1.0,0.0,3,3,5,3,10,106,1109,2.81004
4,0.005,8,1250,1.0,0.0,3,3,5,3,10,106,1110,2.81001
4,0.005,8,1250,1.0,0.0,3,3,5,3,10,106,1111,2.80998
4,0.005,8,1250,1.0,0.0,3,3,5,3,10,106,1112,2.80995
4,0.005,8,1250,1.0,0.0,3,3,5,3,10,106,1113,2.80992
4,0.005,8,1250,1.0,0.0,3,3,5,3,10,106,1114,2.8099
4,0.005,8,1250,1.0,0.0,3,3,5,3,10,106,1115,2.80987
4,0.005,8,1250,1.0,0.0,3,3,5,3,10,106,1116,2.80984
4,0.005,8,1250,1.0,0.0,3,3,5,3,10,106,1117,2.80981
4,0.005,8,1250,1.0,0.0,3,3,5,3,10,106,1118,2.80978
4,0.005,8,1250,1.0,0.0,3,3,5,3,10,106,1119,2.80975
4,0.005,8,1250,1.0,0.0,3,3,5,3,10,106,1120,2.80972
4,0.005,8,1250,1.0,0.0,3,3,5,3,10,106,1121,2.8097
4,0.005,8,1250,1.0,0.0,3,3,5,3,10,106,1122,2.80967
4,0.005,8,1250,1.0,0.0,3,3,5,3,10,106,1123,2.80964
4,0.005,8,1250,1.0,0.0,3,3,5,3,10,106,1124,2.80961
4,0.005,8,1250,1.0,0.0,3,3,5,3,10,106,1125,2.80958
4,0.005,8,1250,1.0,0.0,3,3,5,3,10,106,1126,2.80955
4,0.005,8,1250,1.0,0.0,3,3,5,3,10,106,1127,2.80953
4,0.005,8,1250,1.0,0.0,3,3,5,3,10,106,1128,2.8095
4,0.005,8,1250,1.0,0.0,3,3,5,3,10,106,1129,2.80947
4,0.005,8,1250,1.0,0.0,3,3,5,3,10,106,1130,2.80944
4,0.005,8,1250,1.0,0.0,3,3,5,3,10,106,1131,2.80941
4,0.005,8,1250,1.0,0.0,3,3,5,3,10,106,1132,2.80938
4,0.005,8,1250,1.0,0.0,3,3,5,3,10,106,1133,2.80936
4,0.005,8,1250,1.0,0.0,3,3,5,3,10,106,1134,2.80933
4,0.005,8,1250,1.0,0.0,3,3,5,3,10,106,1135,2.8093
4,0.005,8,1250,1.0,0.0,3,3,5,3,10,106,1136,2.80927
4,0.005,8,1250,1.0,0.0,3,3,5,3,10,106,1137,2.80924
4,0.005,8,1250,1.0,0.0,3,3,5,3,10,106,1138,2.80922
4,0.005,8,1250,1.0,0.0,3,3,5,3,10,106,1139,2.80919
4,0.005,8,1250,1.0,0.0,3,3,5,3,10,106,1140,2.80916
4,0.005,8,1250,1.0,0.0,3,3,5,3,10,106,1141,2.80913
4,0.005,8,1250,1.0,0.0,3,3,5,3,10,106,1142,2.80911
4,0.005,8,1250,1.0,0.0,3,3,5,3,10,106,1143,2.80908
4,0.005,8,1250,1.0,0.0,3,3,5,3,10,106,1144,2.80905
4,0.005,8,1250,1.0,0.0,3,3,5,3,10,106,1145,2.80902
4,0.005,8,1250,1.0,0.0,3,3,5,3,10,106,1146,2.809
4,0.005,8,1250,1.0,0.0,3,3,5,3,10,106,1147,2.80897
4,0.005,8,1250,1.0,0.0,3,3,5,3,10,106,1148,2.80894
4,0.005,8,1250,1.0,0.0,3,3,5,3,10,106,1149,2.80891
4,0.005,8,1250,1.0,0.0,3,3,5,3,10,106,1150,2.80889
4,0.005,8,1250,1.0,0.0,3,3,5,3,10,106,1151,2.80886
4,0.005,8,1250,1.0,0.0,3,3,5,3,10,106,1152,2.80883
4,0.005,8,1250,1.0,0.0,3,3,5,3,10,106,1153,2.80881
4,0.005,8,1250,1.0,0.0,3,3,5,3,10,106,1154,2.80878
4,0.005,8,1250,1.0,0.0,3,3,5,3,10,106,1155,2.80875
4,0.005,8,1250,1.0,0.0,3,3,5,3,10,106,1156,2.80873
4,0.005,8,1250,1.0,0.0,3,3,5,3,10,106,1157,2.8087
4,0.005,8,1250,1.0,0.0,3,3,5,3,10,106,1158,2.80867
4,0.005,8,1250,1.0,0.0,3,3,5,3,10,106,1159,2.80865
4,0.005,8,1250,1.0,0.0,3,3,5,3,10,106,1160,2.80862
4,0.005,8,1250,1.0,0.0,3,3,5,3,10,106,1161,2.80859
4,0.005,8,1250,1.0,0.0,3,3,5,3,10,106,1162,2.80856
4,0.005,8,1250,1.0,0.0,3,3,5,3,10,106,1163,2.80854
4,0.005,8,1250,1.0,0.0,3,3,5,3,10,106,1164,2.80851
4,0.005,8,1250,1.0,0.0,3,3,5,3,10,106,1165,2.80848
4,0.005,8,1250,1.0,0.0,3,3,5,3,10,106,1166,2.80846
4,0.005,8,1250,1.0,0.0,3,3,5,3,10,106,1167,2.80843
4,0.005,8,1250,1.0,0.0,3,3,5,3,10,106,1168,2.8084
4,0.005,8,1250,1.0,0.0,3,3,5,3,10,106,1169,2.80838
4,0.005,8,1250,1.0,0.0,3,3,5,3,10,106,1170,2.80835
4,0.005,8,1250,1.0,0.0,3,3,5,3,10,106,1171,2.80833
4,0.005,8,1250,1.0,0.0,3,3,5,3,10,106,1172,2.8083
4,0.005,8,1250,1.0,0.0,3,3,5,3,10,106,1173,2.80827
4,0.005,8,1250,1.0,0.0,3,3,5,3,10,106,1174,2.80825
4,0.005,8,1250,1.0,0.0,3,3,5,3,10,106,1175,2.80822
4,0.005,8,1250,1.0,0.0,3,3,5,3,10,106,1176,2.80819
4,0.005,8,1250,1.0,0.0,3,3,5,3,10,106,1177,2.80817
4,0.005,8,1250,1.0,0.0,3,3,5,3,10,106,1178,2.80814
4,0.005,8,1250,1.0,0.0,3,3,5,3,10,106,1179,2.80812
4,0.005,8,1250,1.0,0.0,3,3,5,3,10,106,1180,2.80809
4,0.005,8,1250,1.0,0.0,3,3,5,3,10,106,1181,2.80807
4,0.005,8,1250,1.0,0.0,3,3,5,3,10,106,1182,2.80804
4,0.005,8,1250,1.0,0.0,3,3,5,3,10,106,1183,2.80801
4,0.005,8,1250,1.0,0.0,3,3,5,3,10,106,1184,2.80799
4,0.005,8,1250,1.0,0.0,3,3,5,3,10,106,1185,2.80796
4,0.005,8,1250,1.0,0.0,3,3,5,3,10,106,1186,2.80794
4,0.005,8,1250,1.0,0.0,3,3,5,3,10,106,1187,2.80791
4,0.005,8,1250,1.0,0.0,3,3,5,3,10,106,1188,2.80788
4,0.005,8,1250,1.0,0.0,3,3,5,3,10,106,1189,2.80786
4,0.005,8,1250,1.0,0.0,3,3,5,3,10,106,1190,2.80783
4,0.005,8,1250,1.0,0.0,3,3,5,3,10,106,1191,2.80781
4,0.005,8,1250,1.0,0.0,3,3,5,3,10,106,1192,2.80778
4,0.005,8,1250,1.0,0.0,3,3,5,3,10,106,1193,2.80776
4,0.005,8,1250,1.0,0.0,3,3,5,3,10,106,1194,2.80773
4,0.005,8,1250,1.0,0.0,3,3,5,3,10,106,1195,2.80771
4,0.005,8,1250,1.0,0.0,3,3,5,3,10,106,1196,2.80768
4,0.005,8,1250,1.0,0.0,3,3,5,3,10,106,1197,2.80766
4,0.005,8,1250,1.0,0.0,3,3,5,3,10,106,1198,2.80763
4,0.005,8,1250,1.0,0.0,3,3,5,3,10,106,1199,2.8076
4,0.005,8,1250,1.0,0.0,3,3,5,3,10,106,1200,2.80758
4,0.005,8,1250,1.0,0.0,3,3,5,3,10,106,-1,13.9683
4,0.005,8,1250,1.0,0.0,3,3,5,3,10,106,1201,2.80755
4,0.005,8,1250,1.0,0.0,3,3,5,3,10,106,1202,2.80753
4,0.005,8,1250,1.0,0.0,3,3,5,3,10,106,1203,2.8075
4,0.005,8,1250,1.0,0.0,3,3,5,3,10,106,1204,2.80748
4,0.005,8,1250,1.0,0.0,3,3,5,3,10,106,1205,2.80745
4,0.005,8,1250,1.0,0.0,3,3,5,3,10,106,1206,2.80743
4,0.005,8,1250,1.0,0.0,3,3,5,3,10,106,1207,2.8074
4,0.005,8,1250,1.0,0.0,3,3,5,3,10,106,1208,2.80738
4,0.005,8,1250,1.0,0.0,3,3,5,3,10,106,1209,2.80735
4,0.005,8,1250,1.0,0.0,3,3,5,3,10,106,1210,2.80733
4,0.005,8,1250,1.0,0.0,3,3,5,3,10,106,1211,2.8073
4,0.005,8,1250,1.0,0.0,3,3,5,3,10,106,1212,2.80728
4,0.005,8,1250,1.0,0.0,3,3,5,3,10,106,1213,2.80725
4,0.005,8,1250,1.0,0.0,3,3,5,3,10,106,1214,2.80723
4,0.005,8,1250,1.0,0.0,3,3,5,3,10,106,1215,2.80721
4,0.005,8,1250,1.0,0.0,3,3,5,3,10,106,1216,2.80718
4,0.005,8,1250,1.0,0.0,3,3,5,3,10,106,1217,2.80716
4,0.005,8,1250,1.0,0.0,3,3,5,3,10,106,1218,2.80713
4,0.005,8,1250,1.0,0.0,3,3,5,3,10,106,1219,2.80711
4,0.005,8,1250,1.0,0.0,3,3,5,3,10,106,1220,2.80708
4,0.005,8,1250,1.0,0.0,3,3,5,3,10,106,1221,2.80706
4,0.005,8,1250,1.0,0.0,3,3,5,3,10,106,1222,2.80703
4,0.005,8,1250,1.0,0.0,3,3,5,3,10,106,1223,2.80701
4,0.005,8,1250,1.0,0.0,3,3,5,3,10,106,1224,2.80698
4,0.005,8,1250,1.0,0.0,3,3,5,3,10,106,1225,2.80696
4,0.005,8,1250,1.0,0.0,3,3,5,3,10,106,1226,2.80694
4,0.005,8,1250,1.0,0.0,3,3,5,3,10,106,1227,2.80691
4,0.005,8,1250,1.0,0.0,3,3,5,3,10,106,1228,2.80689
4,0.005,8,1250,1.0,0.0,3,3,5,3,10,106,1229,2.80686
4,0.005,8,1250,1.0,0.0,3,3,5,3,10,106,1230,2.80684
4,0.005,8,1250,1.0,0.0,3,3,5,3,10,106,1231,2.80681
4,0.005,8,1250,1.0,0.0,3,3,5,3,10,106,1232,2.80679
4,0.005,8,1250,1.0,0.0,3,3,5,3,10,106,1233,2.80677
4,0.005,8,1250,1.0,0.0,3,3,5,3,10,106,1234,2.80674
4,0.005,8,1250,1.0,0.0,3,3,5,3,10,106,1235,2.80672
4,0.005,8,1250,1.0,0.0,3,3,5,3,10,106,1236,2.80669
4,0.005,8,1250,1.0,0.0,3,3,5,3,10,106,1237,2.80667
4,0.005,8,1250,1.0,0.0,3,3,5,3,10,106,1238,2.80665
4,0.005,8,1250,1.0,0.0,3,3,5,3,10,106,1239,2.80662
4,0.005,8,1250,1.0,0.0,3,3,5,3,10,106,1240,2.8066
4,0.005,8,1250,1.0,0.0,3,3,5,3,10,106,1241,2.80657
4,0.005,8,1250,1.0,0.0,3,3,5,3,10,106,1242,2.80655
4,0.005,8,1250,1.0,0.0,3,3,5,3,10,106,1243,2.80653
4,0.005,8,1250,1.0,0.0,3,3,5,3,10,106,1244,2.8065
4,0.005,8,1250,1.0,0.0,3,3,5,3,10,106,1245,2.80648
4,0.005,8,1250,1.0,0.0,3,3,5,3,10,106,1246,2.80645
4,0.005,8,1250,1.0,0.0,3,3,5,3,10,106,1247,2.80643
4,0.005,8,1250,1.0,0.0,3,3,5,3,10,106,1248,2.80641
4,0.005,8,1250,1.0,0.0,3,3,5,3,10,106,1249,2.80638
4,0.005,8,1250,1.0,0.0,3,3,5,3,10,106,0,4.54516
4,0.005,8,1250,1.0,0.0,3,3,5,3,10,106,1,4.64479
4,0.005,8,1250,1.0,0.0,3,3,5,3,10,106,2,4.65792
4,0.005,8,1250,1.0,0.0,3,3,5,3,10,106,3,4.59251
4,0.005,8,1250,1.0,0.0,3,3,5,3,10,106,4,5.27979
4,0.005,8,1250,1.0,0.0,3,3,5,3,10,106,5,5.55547
4,0.005,8,1250,1.0,0.0,3,3,5,3,10,106,6,5.03891
4,0.005,8,1250,1.0,0.0,3,3,5,3,10,106,7,5.07191
4,0.005,8,1250,1.0,0.0,3,3,5,3,10,106,8,5.56186
4,0.005,8,1250,1.0,0.0,3,3,5,3,10,106,9,5.69864
4,0.005,8,1250,1.0,0.0,3,3,5,3,10,106,10,5.81489
4,0.005,8,1250,1.0,0.0,3,3,5,3,10,106,11,5.77644
4,0.005,8,1250,1.0,0.0,3,3,5,3,10,106,12,5.75808
4,0.005,8,1250,1.0,0.0,3,3,5,3,10,106,13,5.7378
4,0.005,8,1250,1.0,0.0,3,3,5,3,10,106,14,5.69952
4,0.005,8,1250,1.0,0.0,3,3,5,3,10,106,15,5.6639
4,0.005,8,1250,1.0,0.0,3,3,5,3,10,106,16,5.66168
4,0.005,8,1250,1.0,0.0,3,3,5,3,10,106,17,5.67701
4,0.005,8,1250,1.0,0.0,3,3,5,3,10,106,18,5.67672
4,0.005,8,1250,1.0,0.0,3,3,5,3,10,106,19,5.67154
4,0.005,8,1250,1.0,0.0,3,3,5,3,10,106,20,5.68344
4,0.005,8,1250,1.0,0.0,3,3,5,3,10,106,21,5.69999
4,0.005,8,1250,1.0,0.0,3,3,5,3,10,106,22,5.70034
4,0.005,8,1250,1.0,0.0,3,3,5,3,10,106,23,5.68875
4,0.005,8,1250,1.0,0.0,3,3,5,3,10,106,24,5.68154
4,0.005,8,1250,1.0,0.0,3,3,5,3,10,106,25,5.67905
4,0.005,8,1250,1.0,0.0,3,3,5,3,10,106,26,5.67014
4,0.005,8,1250,1.0,0.0,3,3,5,3,10,106,27,5.65563
4,0.005,8,1250,1.0,0.0,3,3,5,3,10,106,28,5.64635
4,0.005,8,1250,1.0,0.0,3,3,5,3,10,106,29,5.64486
4,0.005,8,1250,1.0,0.0,3,3,5,3,10,106,30,5.6447
4,0.005,8,1250,1.0,0.0,3,3,5,3,10,106,31,5.64261
4,0.005,8,1250,1.0,0.0,3,3,5,3,10,106,32,5.64164
4,0.005,8,1250,1.0,0.0,3,3,5,3,10,106,33,5.64401
4,0.005,8,1250,1.0,0.0,3,3,5,3,10,106,34,5.64675
4,0.005,8,1250,1.0,0.0,3,3,5,3,10,106,35,5.64624
4,0.005,8,1250,1.0,0.0,3,3,5,3,10,106,36,5.64322
4,0.005,8,1250,1.0,0.0,3,3,5,3,10,106,37,5.64075
4,0.005,8,1250,1.0,0.0,3,3,5,3,10,106,38,5.63943
4,0.005,8,1250,1.0,0.0,3,3,5,3,10,106,39,5.63755
4,0.005,8,1250,1.0,0.0,3,3,5,3,10,106,40,5.63462
4,0.005,8,1250,1.0,0.0,3,3,5,3,10,106,41,5.63244
4,0.005,8,1250,1.0,0.0,3,3,5,3,10,106,42,5.63239
4,0.005,8,1250,1.0,0.0,3,3,5,3,10,106,43,5.63339
4,0.005,8,1250,1.0,0.0,3,3,5,3,10,106,44,5.63385
4,0.005,8,1250,1.0,0.0,3,3,5,3,10,106,45,5.63388
4,0.005,8,1250,1.0,0.0,3,3,5,3,10,106,46,5.63451
4,0.005,8,1250,1.0,0.0,3,3,5,3,10,106,47,5.63554
4,0.005,8,1250,1.0,0.0,3,3,5,3,10,106,48,5.63588
4,0.005,8,1250,1.0,0.0,3,3,5,3,10,106,49,5.63524
4,0.005,8,1250,1.0,0.0,3,3,5,3,10,106,50,5.63445
4,0.005,8,1250,1.0,0.0,3,3,5,3,10,106,51,5.63409
4,0.005,8,1250,1.0,0.0,3,3,5,3,10,106,52,5.63383
4,0.005,8,1250,1.0,0.0,3,3,5,3,10,106,53,5.63327
4,0.005,8,1250,1.0,0.0,3,3,5,3,10,106,54,5.6327
4,0.005,8,1250,1.0,0.0,3,3,5,3,10,106,55,5.63259
4,0.005,8,1250,1.0,0.0,3,3,5,3,10,106,56,5.63284
4,0.005,8,1250,1.0,0.0,3,3,5,3,10,106,57,5.63301
4,0.005,8,1250,1.0,0.0,3,3,5,3,10,106,58,5.63297
4,0.005,8,1250,1.0,0.0,3,3,5,3,10,106,59,5.63291
4,0.005,8,1250,1.0,0.0,3,3,5,3,10,106,60,5.63297
4,0.005,8,1250,1.0,0.0,3,3,5,3,10,106,61,5.63298
4,0.005,8,1250,1.0,0.0,3,3,5,3,10,106,62,5.63276
4,0.005,8,1250,1.0,0.0,3,3,5,3,10,106,63,5.63245
4,0.005,8,1250,1.0,0.0,3,3,5,3,10,106,64,5.63224
4,0.005,8,1250,1.0,0.0,3,3,5,3,10,106,65,5.63215
4,0.005,8,1250,1.0,0.0,3,3,5,3,10,106,66,5.63207
4,0.005,8,1250,1.0,0.0,3,3,5,3,10,106,67,5.63196
4,0.005,8,1250,1.0,0.0,3,3,5,3,10,106,68,5.63192
4,0.005,8,1250,1.0,0.0,3,3,5,3,10,106,69,5.63198
4,0.005,8,1250,1.0,0.0,3,3,5,3,10,106,70,5.63208
4,0.005,8,1250,1.0,0.0,3,3,5,3,10,106,71,5.63211
4,0.005,8,1250,1.0,0.0,3,3,5,3,10,106,72,5.63209
4,0.005,8,1250,1.0,0.0,3,3,5,3,10,106,73,5.63209
4,0.005,8,1250,1.0,0.0,3,3,5,3,10,106,74,5.63211
4,0.005,8,1250,1.0,0.0,3,3,5,3,10,106,75,5.63209
4,0.005,8,1250,1.0,0.0,3,3,5,3,10,106,76,5.63202
4,0.005,8,1250,1.0,0.0,3,3,5,3,10,106,77,5.63197
4,0.005,8,1250,1.0,0.0,3,3,5,3,10,106,78,5.63196
4,0.005,8,1250,1.0,0.0,3,3,5,3,10,106,79,5.63196
4,0.005,8,1250,1.0,0.0,3,3,5,3,10,106,80,5.63195
4,0.005,8,1250,1.0,0.0,3,3,5,3,10,106,81,5.63195
4,0.005,8,1250,1.0,0.0,3,3,5,3,10,106,82,5.63196
4,0.005,8,1250,1.0,0.0,3,3,5,3,10,106,83,5.63198
4,0.005,8,1250,1.0,0.0,3,3,5,3,10,106,84,5.63199
4,0.005,8,1250,1.0,0.0,3,3,5,3,10,106,85,5.63198
4,0.005,8,1250,1.0,0.0,3,3,5,3,10,106,86,5.63197
4,0.005,8,1250,1.0,0.0,3,3,5,3,10,106,87,5.63196
4,0.005,8,1250,1.0,0.0,3,3,5,3,10,106,88,5.63195
4,0.005,8,1250,1.0,0.0,3,3,5,3,10,106,89,5.63194
4,0.005,8,1250,1.0,0.0,3,3,5,3,10,106,90,5.63192
4,0.005,8,1250,1.0,0.0,3,3,5,3,10,106,91,5.63191
4,0.005,8,1250,1.0,0.0,3,3,5,3,10,106,92,5.63191
4,0.005,8,1250,1.0,0.0,3,3,5,3,10,106,93,5.63191
4,0.005,8,1250,1.0,0.0,3,3,5,3,10,106,94,5.6319
4,0.005,8,1250,1.0,0.0,3,3,5,3,10,106,95,5.6319
4,0.005,8,1250,1.0,0.0,3,3,5,3,10,106,96,5.63191
4,0.005,8,1250,1.0,0.0,3,3,5,3,10,106,97,5.63191
4,0.005,8,1250,1.0,0.0,3,3,5,3,10,106,98,5.63191
4,0.005,8,1250,1.0,0.0,3,3,5,3,10,106,99,5.63191
4,0.005,8,1250,1.0,0.0,3,3,5,3,10,106,100,5.6319
4,0.005,8,1250,1.0,0.0,3,3,5,3,10,106,-1,15.5386
4,0.005,8,1250,1.0,0.0,3,3,5,3,10,106,101,5.6319
4,0.005,8,1250,1.0,0.0,3,3,5,3,10,106,102,5.6319
4,0.005,8,1250,1.0,0.0,3,3,5,3,10,106,103,5.6319
4,0.005,8,1250,1.0,0.0,3,3,5,3,10,106,104,5.6319
4,0.005,8,1250,1.0,0.0,3,3,5,3,10,106,105,5.6319
4,0.005,8,1250,1.0,0.0,3,3,5,3,10,106,106,5.6319
4,0.005,8,1250,1.0,0.0,3,3,5,3,10,106,107,5.6319
4,0.005,8,1250,1.0,0.0,3,3,5,3,10,106,108,5.6319
4,0.005,8,1250,1.0,0.0,3,3,5,3,10,106,109,5.6319
4,0.005,8,1250,1.0,0.0,3,3,5,3,10,106,110,5.6319
4,0.005,8,1250,1.0,0.0,3,3,5,3,10,106,111,5.6319
4,0.005,8,1250,1.0,0.0,3,3,5,3,10,106,112,5.6319
4,0.005,8,1250,1.0,0.0,3,3,5,3,10,106,113,5.6319
4,0.005,8,1250,1.0,0.0,3,3,5,3,10,106,114,5.6319
4,0.005,8,1250,1.0,0.0,3,3,5,3,10,106,115,5.6319
4,0.005,8,1250,1.0,0.0,3,3,5,3,10,106,116,5.6319
4,0.005,8,1250,1.0,0.0,3,3,5,3,10,106,117,5.6319
4,0.005,8,1250,1.0,0.0,3,3,5,3,10,106,118,5.6319
4,0.005,8,1250,1.0,0.0,3,3,5,3,10,106,119,5.6319
4,0.005,8,1250,1.0,0.0,3,3,5,3,10,106,120,5.6319
4,0.005,8,1250,1.0,0.0,3,3,5,3,10,106,121,5.6319
4,0.005,8,1250,1.0,0.0,3,3,5,3,10,106,122,5.6319
4,0.005,8,1250,1.0,0.0,3,3,5,3,10,106,123,5.6319
4,0.005,8,1250,1.0,0.0,3,3,5,3,10,106,124,5.6319
4,0.005,8,1250,1.0,0.0,3,3,5,3,10,106,125,5.6319
4,0.005,8,1250,1.0,0.0,3,3,5,3,10,106,126,5.63189
4,0.005,8,1250,1.0,0.0,3,3,5,3,10,106,127,5.6319
4,0.005,8,1250,1.0,0.0,3,3,5,3,10,106,128,5.63189
4,0.005,8,1250,1.0,0.0,3,3,5,3,10,106,129,5.63189
4,0.005,8,1250,1.0,0.0,3,3,5,3,10,106,130,5.63189
4,0.005,8,1250,1.0,0.0,3,3,5,3,10,106,131,5.6319
4,0.005,8,1250,1.0,0.0,3,3,5,3,10,106,132,5.63189
4,0.005,8,1250,1.0,0.0,3,3,5,3,10,106,133,5.6319
4,0.005,8,1250,1.0,0.0,3,3,5,3,10,106,134,5.63189
4,0.005,8,1250,1.0,0.0,3,3,5,3,10,106,135,5.6319
4,0.005,8,1250,1.0,0.0,3,3,5,3,10,106,136,5.63189
4,0.005,8,1250,1.0,0.0,3,3,5,3,10,106,137,5.6319
4,0.005,8,1250,1.0,0.0,3,3,5,3,10,106,138,5.6319
4,0.005,8,1250,1.0,0.0,3,3,5,3,10,106,139,5.6319
4,0.005,8,1250,1.0,0.0,3,3,5,3,10,106,140,5.63189
4,0.005,8,1250,1.0,0.0,3,3,5,3,10,106,141,5.63189
4,0.005,8,1250,1.0,0.0,3,3,5,3,10,106,142,5.6319
4,0.005,8,1250,1.0,0.0,3,3,5,3,10,106,143,5.6319
4,0.005,8,1250,1.0,0.0,3,3,5,3,10,106,144,5.6319
4,0.005,8,1250,1.0,0.0,3,3,5,3,10,106,145,5.63189
4,0.005,8,1250,1.0,0.0,3,3,5,3,10,106,146,5.6319
4,0.005,8,1250,1.0,0.0,3,3,5,3,10,106,147,5.63189
4,0.005,8,1250,1.0,0.0,3,3,5,3,10,106,148,5.63189
4,0.005,8,1250,1.0,0.0,3,3,5,3,10,106,149,5.63189
4,0.005,8,1250,1.0,0.0,3,3,5,3,10,106,150,5.63189
4,0.005,8,1250,1.0,0.0,3,3,5,3,10,106,151,5.6319
4,0.005,8,1250,1.0,0.0,3,3,5,3,10,106,152,5.63189
4,0.005,8,1250,1.0,0.0,3,3,5,3,10,106,153,5.63189
4,0.005,8,1250,1.0,0.0,3,3,5,3,10,106,154,5.63189
4,0.005,8,1250,1.0,0.0,3,3,5,3,10,106,155,5.63189
4,0.005,8,1250,1.0,0.0,3,3,5,3,10,106,156,5.63189
4,0.005,8,1250,1.0,0.0,3,3,5,3,10,106,157,5.63189
4,0.005,8,1250,1.0,0.0,3,3,5,3,10,106,158,5.63189
4,0.005,8,1250,1.0,0.0,3,3,5,3,10,106,159,5.6319
4,0.005,8,1250,1.0,0.0,3,3,5,3,10,106,160,5.63189
4,0.005,8,1250,1.0,0.0,3,3,5,3,10,106,161,5.63189
4,0.005,8,1250,1.0,0.0,3,3,5,3,10,106,162,5.6319
4,0.005,8,1250,1.0,0.0,3,3,5,3,10,106,163,5.63189
4,0.005,8,1250,1.0,0.0,3,3,5,3,10,106,164,5.6319
4,0.005,8,1250,1.0,0.0,3,3,5,3,10,106,165,5.63189
4,0.005,8,1250,1.0,0.0,3,3,5,3,10,106,166,5.63189
4,0.005,8,1250,1.0,0.0,3,3,5,3,10,106,167,5.63189
4,0.005,8,1250,1.0,0.0,3,3,5,3,10,106,168,5.6319
4,0.005,8,1250,1.0,0.0,3,3,5,3,10,106,169,5.63189
4,0.005,8,1250,1.0,0.0,3,3,5,3,10,106,170,5.63189
4,0.005,8,1250,1.0,0.0,3,3,5,3,10,106,171,5.63189
4,0.005,8,1250,1.0,0.0,3,3,5,3,10,106,172,5.63189
4,0.005,8,1250,1.0,0.0,3,3,5,3,10,106,173,5.63189
4,0.005,8,1250,1.0,0.0,3,3,5,3,10,106,174,5.63189
4,0.005,8,1250,1.0,0.0,3,3,5,3,10,106,175,5.63189
4,0.005,8,1250,1.0,0.0,3,3,5,3,10,106,176,5.63189
4,0.005,8,1250,1.0,0.0,3,3,5,3,10,106,177,5.63189
4,0.005,8,1250,1.0,0.0,3,3,5,3,10,106,178,5.63189
4,0.005,8,1250,1.0,0.0,3,3,5,3,10,106,179,5.63189
4,0.005,8,1250,1.0,0.0,3,3,5,3,10,106,180,5.63189
4,0.005,8,1250,1.0,0.0,3,3,5,3,10,106,181,5.63189
4,0.005,8,1250,1.0,0.0,3,3,5,3,10,106,182,5.63189
4,0.005,8,1250,1.0,0.0,3,3,5,3,10,106,183,5.63189
4,0.005,8,1250,1.0,0.0,3,3,5,3,10,106,184,5.63189
4,0.005,8,1250,1.0,0.0,3,3,5,3,10,106,185,5.63189
4,0.005,8,1250,1.0,0.0,3,3,5,3,10,106,186,5.63189
4,0.005,8,1250,1.0,0.0,3,3,5,3,10,106,187,5.63189
4,0.005,8,1250,1.0,0.0,3,3,5,3,10,106,188,5.63189
4,0.005,8,1250,1.0,0.0,3,3,5,3,10,106,189,5.63189
4,0.005,8,1250,1.0,0.0,3,3,5,3,10,106,190,5.63189
4,0.005,8,1250,1.0,0.0,3,3,5,3,10,106,191,5.63189
4,0.005,8,1250,1.0,0.0,3,3,5,3,10,106,192,5.63189
4,0.005,8,1250,1.0,0.0,3,3,5,3,10,106,193,5.63189
4,0.005,8,1250,1.0,0.0,3,3,5,3,10,106,194,5.63189
4,0.005,8,1250,1.0,0.0,3,3,5,3,10,106,195,5.63189
4,0.005,8,1250,1.0,0.0,3,3,5,3,10,106,196,5.63189
4,0.005,8,1250,1.0,0.0,3,3,5,3,10,106,197,5.63189
4,0.005,8,1250,1.0,0.0,3,3,5,3,10,106,198,5.63189
4,0.005,8,1250,1.0,0.0,3,3,5,3,10,106,199,5.63189
4,0.005,8,1250,1.0,0.0,3,3,5,3,10,106,200,5.63189
4,0.005,8,1250,1.0,0.0,3,3,5,3,10,106,-1,15.5379
4,0.005,8,1250,1.0,0.0,3,3,5,3,10,106,201,5.63189
4,0.005,8,1250,1.0,0.0,3,3,5,3,10,106,202,5.63189
4,0.005,8,1250,1.0,0.0,3,3,5,3,10,106,203,5.63189
4,0.005,8,1250,1.0,0.0,3,3,5,3,10,106,204,5.63189
4,0.005,8,1250,1.0,0.0,3,3,5,3,10,106,205,5.63189
4,0.005,8,1250,1.0,0.0,3,3,5,3,10,106,206,5.6319
4,0.005,8,1250,1.0,0.0,3,3,5,3,10,106,207,5.6319
4,0.005,8,1250,1.0,0.0,3,3,5,3,10,106,208,5.63189
4,0.005,8,1250,1.0,0.0,3,3,5,3,10,106,209,5.63189
4,0.005,8,1250,1.0,0.0,3,3,5,3,10,106,210,5.63189
4,0.005,8,1250,1.0,0.0,3,3,5,3,10,106,211,5.63189
4,0.005,8,1250,1.0,0.0,3,3,5,3,10,106,212,5.63189
4,0.005,8,1250,1.0,0.0,3,3,5,3,10,106,213,5.63189
4,0.005,8,1250,1.0,0.0,3,3,5,3,10,106,214,5.63189
4,0.005,8,1250,1.0,0.0,3,3,5,3,10,106,215,5.63189
4,0.005,8,1250,1.0,0.0,3,3,5,3,10,106,216,5.63189
4,0.005,8,1250,1.0,0.0,3,3,5,3,10,106,217,5.63189
4,0.005,8,1250,1.0,0.0,3,3,5,3,10,106,218,5.63189
4,0.005,8,1250,1.0,0.0,3,3,5,3,10,106,219,5.63189
4,0.005,8,1250,1.0,0.0,3,3,5,3,10,106,220,5.63189
4,0.005,8,1250,1.0,0.0,3,3,5,3,10,106,221,5.63189
4,0.005,8,1250,1.0,0.0,3,3,5,3,10,106,222,5.63189
4,0.005,8,1250,1.0,0.0,3,3,5,3,10,106,223,5.63189
4,0.005,8,1250,1.0,0.0,3,3,5,3,10,106,224,5.63189
4,0.005,8,1250,1.0,0.0,3,3,5,3,10,106,225,5.63189
4,0.005,8,1250,1.0,0.0,3,3,5,3,10,106,226,5.63189
4,0.005,8,1250,1.0,0.0,3,3,5,3,10,106,227,5.63189
4,0.005,8,1250,1.0,0.0,3,3,5,3,10,106,228,5.63189
4,0.005,8,1250,1.0,0.0,3,3,5,3,10,106,229,5.63189
4,0.005,8,1250,1.0,0.0,3,3,5,3,10,106,230,5.63189
4,0.005,8,1250,1.0,0.0,3,3,5,3,10,106,231,5.63189
4,0.005,8,1250,1.0,0.0,3,3,5,3,10,106,232,5.63189
4,0.005,8,1250,1.0,0.0,3,3,5,3,10,106,233,5.6319
4,0.005,8,1250,1.0,0.0,3,3,5,3,10,106,234,5.63189
4,0.005,8,1250,1.0,0.0,3,3,5,3,10,106,235,5.6319
4,0.005,8,1250,1.0,0.0,3,3,5,3,10,106,236,5.63189
4,0.005,8,1250,1.0,0.0,3,3,5,3,10,106,237,5.63189
4,0.005,8,1250,1.0,0.0,3,3,5,3,10,106,238,5.63189
4,0.005,8,1250,1.0,0.0,3,3,5,3,10,106,239,5.63189
4,0.005,8,1250,1.0,0.0,3,3,5,3,10,106,240,5.63189
4,0.005,8,1250,1.0,0.0,3,3,5,3,10,106,241,5.63189
4,0.005,8,1250,1.0,0.0,3,3,5,3,10,106,242,5.63189
4,0.005,8,1250,1.0,0.0,3,3,5,3,10,106,243,5.63189
4,0.005,8,1250,1.0,0.0,3,3,5,3,10,106,244,5.63189
4,0.005,8,1250,1.0,0.0,3,3,5,3,10,106,245,5.63189
4,0.005,8,1250,1.0,0.0,3,3,5,3,10,106,246,5.63189
4,0.005,8,1250,1.0,0.0,3,3,5,3,10,106,247,5.6319
4,0.005,8,1250,1.0,0.0,3,3,5,3,10,106,248,5.6319
4,0.005,8,1250,1.0,0.0,3,3,5,3,10,106,249,5.63189
4,0.005,8,1250,1.0,0.0,3,3,5,3,10,106,250,5.63189
4,0.005,8,1250,1.0,0.0,3,3,5,3,10,106,251,5.63189
4,0.005,8,1250,1.0,0.0,3,3,5,3,10,106,252,5.63189
4,0.005,8,1250,1.0,0.0,3,3,5,3,10,106,253,5.63189
4,0.005,8,1250,1.0,0.0,3,3,5,3,10,106,254,5.63189
4,0.005,8,1250,1.0,0.0,3,3,5,3,10,106,255,5.63189
4,0.005,8,1250,1.0,0.0,3,3,5,3,10,106,256,5.63189
4,0.005,8,1250,1.0,0.0,3,3,5,3,10,106,257,5.63189
4,0.005,8,1250,1.0,0.0,3,3,5,3,10,106,258,5.63189
4,0.005,8,1250,1.0,0.0,3,3,5,3,10,106,259,5.63189
4,0.005,8,1250,1.0,0.0,3,3,5,3,10,106,260,5.6319
4,0.005,8,1250,1.0,0.0,3,3,5,3,10,106,261,5.63189
4,0.005,8,1250,1.0,0.0,3,3,5,3,10,106,262,5.63189
4,0.005,8,1250,1.0,0.0,3,3,5,3,10,106,263,5.63189
4,0.005,8,1250,1.0,0.0,3,3,5,3,10,106,264,5.63189
4,0.005,8,1250,1.0,0.0,3,3,5,3,10,106,265,5.63189
4,0.005,8,1250,1.0,0.0,3,3,5,3,10,106,266,5.6319
4,0.005,8,1250,1.0,0.0,3,3,5,3,10,106,267,5.63189
4,0.005,8,1250,1.0,0.0,3,3,5,3,10,106,268,5.6319
4,0.005,8,1250,1.0,0.0,3,3,5,3,10,106,269,5.63189
4,0.005,8,1250,1.0,0.0,3,3,5,3,10,106,270,5.63189
4,0.005,8,1250,1.0,0.0,3,3,5,3,10,106,271,5.63189
4,0.005,8,1250,1.0,0.0,3,3,5,3,10,106,272,5.63189
4,0.005,8,1250,1.0,0.0,3,3,5,3,10,106,273,5.63189
4,0.005,8,1250,1.0,0.0,3,3,5,3,10,106,274,5.63189
4,0.005,8,1250,1.0,0.0,3,3,5,3,10,106,275,5.63189
4,0.005,8,1250,1.0,0.0,3,3,5,3,10,106,276,5.63189
4,0.005,8,1250,1.0,0.0,3,3,5,3,10,106,277,5.63189
4,0.005,8,1250,1.0,0.0,3,3,5,3,10,106,278,5.63189
4,0.005,8,1250,1.0,0.0,3,3,5,3,10,106,279,5.63189
4,0.005,8,1250,1.0,0.0,3,3,5,3,10,106,280,5.63189
4,0.005,8,1250,1.0,0.0,3,3,5,3,10,106,281,5.6319
4,0.005,8,1250,1.0,0.0,3,3,5,3,10,106,282,5.6319
4,0.005,8,1250,1.0,0.0,3,3,5,3,10,106,283,5.63189
4,0.005,8,1250,1.0,0.0,3,3,5,3,10,106,284,5.63189
4,0.005,8,1250,1.0,0.0,3,3,5,3,10,106,285,5.6319
4,0.005,8,1250,1.0,0.0,3,3,5,3,10,106,286,5.63189
4,0.005,8,1250,1.0,0.0,3,3,5,3,10,106,287,5.63189
4,0.005,8,1250,1.0,0.0,3,3,5,3,10,106,288,5.63189
4,0.005,8,1250,1.0,0.0,3,3,5,3,10,106,289,5.6319
4,0.005,8,1250,1.0,0.0,3,3,5,3,10,106,290,5.63189
4,0.005,8,1250,1.0,0.0,3,3,5,3,10,106,291,5.63189
4,0.005,8,1250,1.0,0.0,3,3,5,3,10,106,292,5.63189
4,0.005,8,1250,1.0,0.0,3,3,5,3,10,106,293,5.63189
4,0.005,8,1250,1.0,0.0,3,3,5,3,10,106,294,5.63189
4,0.005,8,1250,1.0,0.0,3,3,5,3,10,106,295,5.6319
4,0.005,8,1250,1.0,0.0,3,3,5,3,10,106,296,5.63189
4,0.005,8,1250,1.0,0.0,3,3,5,3,10,106,297,5.63189
4,0.005,8,1250,1.0,0.0,3,3,5,3,10,106,298,5.6319
4,0.005,8,1250,1.0,0.0,3,3,5,3,10,106,299,5.63189
4,0.005,8,1250,1.0,0.0,3,3,5,3,10,106,300,5.63189
4,0.005,8,1250,1.0,0.0,3,3,5,3,10,106,-1,15.5379
4,0.005,8,1250,1.0,0.0,3,3,5,3,10,106,301,5.6319
4,0.005,8,1250,1.0,0.0,3,3,5,3,10,106,302,5.63189
4,0.005,8,1250,1.0,0.0,3,3,5,3,10,106,303,5.63189
4,0.005,8,1250,1.0,0.0,3,3,5,3,10,106,304,5.63189
4,0.005,8,1250,1.0,0.0,3,3,5,3,10,106,305,5.63189
4,0.005,8,1250,1.0,0.0,3,3,5,3,10,106,306,5.6319
4,0.005,8,1250,1.0,0.0,3,3,5,3,10,106,307,5.63189
4,0.005,8,1250,1.0,0.0,3,3,5,3,10,106,308,5.63189
4,0.005,8,1250,1.0,0.0,3,3,5,3,10,106,309,5.63189
4,0.005,8,1250,1.0,0.0,3,3,5,3,10,106,310,5.63189
4,0.005,8,1250,1.0,0.0,3,3,5,3,10,106,311,5.63189
4,0.005,8,1250,1.0,0.0,3,3,5,3,10,106,312,5.63189
4,0.005,8,1250,1.0,0.0,3,3,5,3,10,106,313,5.63189
4,0.005,8,1250,1.0,0.0,3,3,5,3,10,106,314,5.63189
4,0.005,8,1250,1.0,0.0,3,3,5,3,10,106,315,5.63189
4,0.005,8,1250,1.0,0.0,3,3,5,3,10,106,316,5.63189
4,0.005,8,1250,1.0,0.0,3,3,5,3,10,106,317,5.63189
4,0.005,8,1250,1.0,0.0,3,3,5,3,10,106,318,5.63189
4,0.005,8,1250,1.0,0.0,3,3,5,3,10,106,319,5.63189
4,0.005,8,1250,1.0,0.0,3,3,5,3,10,106,320,5.63189
4,0.005,8,1250,1.0,0.0,3,3,5,3,10,106,321,5.63189
4,0.005,8,1250,1.0,0.0,3,3,5,3,10,106,322,5.6319
4,0.005,8,1250,1.0,0.0,3,3,5,3,10,106,323,5.6319
4,0.005,8,1250,1.0,0.0,3,3,5,3,10,106,324,5.6319
4,0.005,8,1250,1.0,0.0,3,3,5,3,10,106,325,5.6319
4,0.005,8,1250,1.0,0.0,3,3,5,3,10,106,326,5.63189
4,0.005,8,1250,1.0,0.0,3,3,5,3,10,106,327,5.63189
4,0.005,8,1250,1.0,0.0,3,3,5,3,10,106,328,5.63189
4,0.005,8,1250,1.0,0.0,3,3,5,3,10,106,329,5.63189
4,0.005,8,1250,1.0,0.0,3,3,5,3,10,106,330,5.63189
4,0.005,8,1250,1.0,0.0,3,3,5,3,10,106,331,5.63189
4,0.005,8,1250,1.0,0.0,3,3,5,3,10,106,332,5.63189
4,0.005,8,1250,1.0,0.0,3,3,5,3,10,106,333,5.63189
4,0.005,8,1250,1.0,0.0,3,3,5,3,10,106,334,5.63189
4,0.005,8,1250,1.0,0.0,3,3,5,3,10,106,335,5.6319
4,0.005,8,1250,1.0,0.0,3,3,5,3,10,106,336,5.63189
4,0.005,8,1250,1.0,0.0,3,3,5,3,10,106,337,5.6319
4,0.005,8,1250,1.0,0.0,3,3,5,3,10,106,338,5.63189
4,0.005,8,1250,1.0,0.0,3,3,5,3,10,106,339,5.63189
4,0.005,8,1250,1.0,0.0,3,3,5,3,10,106,340,5.63189
4,0.005,8,1250,1.0,0.0,3,3,5,3,10,106,341,5.63189
4,0.005,8,1250,1.0,0.0,3,3,5,3,10,106,342,5.63189
4,0.005,8,1250,1.0,0.0,3,3,5,3,10,106,343,5.6319
4,0.005,8,1250,1.0,0.0,3,3,5,3,10,106,344,5.6319
4,0.005,8,1250,1.0,0.0,3,3,5,3,10,106,345,5.6319
4,0.005,8,1250,1.0,0.0,3,3,5,3,10,106,346,5.6319
4,0.005,8,1250,1.0,0.0,3,3,5,3,10,106,347,5.63189
4,0.005,8,1250,1.0,0.0,3,3,5,3,10,106,348,5.63189
4,0.005,8,1250,1.0,0.0,3,3,5,3,10,106,349,5.63189
4,0.005,8,1250,1.0,0.0,3,3,5,3,10,106,350,5.63189
4,0.005,8,1250,1.0,0.0,3,3,5,3,10,106,351,5.63189
4,0.005,8,1250,1.0,0.0,3,3,5,3,10,106,352,5.63189
4,0.005,8,1250,1.0,0.0,3,3,5,3,10,106,353,5.63189
4,0.005,8,1250,1.0,0.0,3,3,5,3,10,106,354,5.63189
4,0.005,8,1250,1.0,0.0,3,3,5,3,10,106,355,5.63189
4,0.005,8,1250,1.0,0.0,3,3,5,3,10,106,356,5.63189
4,0.005,8,1250,1.0,0.0,3,3,5,3,10,106,357,5.63189
4,0.005,8,1250,1.0,0.0,3,3,5,3,10,106,358,5.63189
4,0.005,8,1250,1.0,0.0,3,3,5,3,10,106,359,5.63189
4,0.005,8,1250,1.0,0.0,3,3,5,3,10,106,360,5.63189
4,0.005,8,1250,1.0,0.0,3,3,5,3,10,106,361,5.63189
4,0.005,8,1250,1.0,0.0,3,3,5,3,10,106,362,5.63189
4,0.005,8,1250,1.0,0.0,3,3,5,3,10,106,363,5.63189
4,0.005,8,1250,1.0,0.0,3,3,5,3,10,106,364,5.63189
4,0.005,8,1250,1.0,0.0,3,3,5,3,10,106,365,5.63189
4,0.005,8,1250,1.0,0.0,3,3,5,3,10,106,366,5.63189
4,0.005,8,1250,1.0,0.0,3,3,5,3,10,106,367,5.6319
4,0.005,8,1250,1.0,0.0,3,3,5,3,10,106,368,5.6319
4,0.005,8,1250,1.0,0.0,3,3,5,3,10,106,369,5.63189
4,0.005,8,1250,1.0,0.0,3,3,5,3,10,106,370,5.63189
4,0.005,8,1250,1.0,0.0,3,3,5,3,10,106,371,5.63189
4,0.005,8,1250,1.0,0.0,3,3,5,3,10,106,372,5.63189
4,0.005,8,1250,1.0,0.0,3,3,5,3,10,106,373,5.6319
4,0.005,8,1250,1.0,0.0,3,3,5,3,10,106,374,5.6319
4,0.005,8,1250,1.0,0.0,3,3,5,3,10,106,375,5.6319
4,0.005,8,1250,1.0,0.0,3,3,5,3,10,106,376,5.6319
4,0.005,8,1250,1.0,0.0,3,3,5,3,10,106,377,5.6319
4,0.005,8,1250,1.0,0.0,3,3,5,3,10,106,378,5.63189
4,0.005,8,1250,1.0,0.0,3,3,5,3,10,106,379,5.63189
4,0.005,8,1250,1.0,0.0,3,3,5,3,10,106,380,5.63189
4,0.005,8,1250,1.0,0.0,3,3,5,3,10,106,381,5.63189
4,0.005,8,1250,1.0,0.0,3,3,5,3,10,106,382,5.6319
4,0.005,8,1250,1.0,0.0,3,3,5,3,10,106,383,5.63189
4,0.005,8,1250,1.0,0.0,3,3,5,3,10,106,384,5.63189
4,0.005,8,1250,1.0,0.0,3,3,5,3,10,106,385,5.63189
4,0.005,8,1250,1.0,0.0,3,3,5,3,10,106,386,5.6319
4,0.005,8,1250,1.0,0.0,3,3,5,3,10,106,387,5.63189
4,0.005,8,1250,1.0,0.0,3,3,5,3,10,106,388,5.63189
4,0.005,8,1250,1.0,0.0,3,3,5,3,10,106,389,5.63189
4,0.005,8,1250,1.0,0.0,3,3,5,3,10,106,390,5.63189
4,0.005,8,1250,1.0,0.0,3,3,5,3,10,106,391,5.63189
4,0.005,8,1250,1.0,0.0,3,3,5,3,10,106,392,5.6319
4,0.005,8,1250,1.0,0.0,3,3,5,3,10,106,393,5.63189
4,0.005,8,1250,1.0,0.0,3,3,5,3,10,106,394,5.63189
4,0.005,8,1250,1.0,0.0,3,3,5,3,10,106,395,5.63189
4,0.005,8,1250,1.0,0.0,3,3,5,3,10,106,396,5.63189
4,0.005,8,1250,1.0,0.0,3,3,5,3,10,106,397,5.63189
4,0.005,8,1250,1.0,0.0,3,3,5,3,10,106,398,5.6319
4,0.005,8,1250,1.0,0.0,3,3,5,3,10,106,399,5.63189
4,0.005,8,1250,1.0,0.0,3,3,5,3,10,106,400,5.63189
4,0.005,8,1250,1.0,0.0,3,3,5,3,10,106,-1,15.5379
4,0.005,8,1250,1.0,0.0,3,3,5,3,10,106,401,5.6319
4,0.005,8,1250,1.0,0.0,3,3,5,3,10,106,402,5.6319
4,0.005,8,1250,1.0,0.0,3,3,5,3,10,106,403,5.63189
4,0.005,8,1250,1.0,0.0,3,3,5,3,10,106,404,5.63189
4,0.005,8,1250,1.0,0.0,3,3,5,3,10,106,405,5.63189
4,0.005,8,1250,1.0,0.0,3,3,5,3,10,106,406,5.63189
4,0.005,8,1250,1.0,0.0,3,3,5,3,10,106,407,5.63189
4,0.005,8,1250,1.0,0.0,3,3,5,3,10,106,408,5.6319
4,0.005,8,1250,1.0,0.0,3,3,5,3,10,106,409,5.6319
4,0.005,8,1250,1.0,0.0,3,3,5,3,10,106,410,5.6319
4,0.005,8,1250,1.0,0.0,3,3,5,3,10,106,411,5.63189
4,0.005,8,1250,1.0,0.0,3,3,5,3,10,106,412,5.63189
4,0.005,8,1250,1.0,0.0,3,3,5,3,10,106,413,5.63189
4,0.005,8,1250,1.0,0.0,3,3,5,3,10,106,414,5.63189
4,0.005,8,1250,1.0,0.0,3,3,5,3,10,106,415,5.63189
4,0.005,8,1250,1.0,0.0,3,3,5,3,10,106,416,5.63189
4,0.005,8,1250,1.0,0.0,3,3,5,3,10,106,417,5.63189
4,0.005,8,1250,1.0,0.0,3,3,5,3,10,106,418,5.63189
4,0.005,8,1250,1.0,0.0,3,3,5,3,10,106,419,5.63189
4,0.005,8,1250,1.0,0.0,3,3,5,3,10,106,420,5.63189
4,0.005,8,1250,1.0,0.0,3,3,5,3,10,106,421,5.63189
4,0.005,8,1250,1.0,0.0,3,3,5,3,10,106,422,5.63189
4,0.005,8,1250,1.0,0.0,3,3,5,3,10,106,423,5.6319
4,0.005,8,1250,1.0,0.0,3,3,5,3,10,106,424,5.63189
4,0.005,8,1250,1.0,0.0,3,3,5,3,10,106,425,5.6319
4,0.005,8,1250,1.0,0.0,3,3,5,3,10,106,426,5.6319
4,0.005,8,1250,1.0,0.0,3,3,5,3,10,106,427,5.6319
4,0.005,8,1250,1.0,0.0,3,3,5,3,10,106,428,5.63189
4,0.005,8,1250,1.0,0.0,3,3,5,3,10,106,429,5.63189
4,0.005,8,1250,1.0,0.0,3,3,5,3,10,106,430,5.63189
4,0.005,8,1250,1.0,0.0,3,3,5,3,10,106,431,5.6319
4,0.005,8,1250,1.0,0.0,3,3,5,3,10,106,432,5.63189
4,0.005,8,1250,1.0,0.0,3,3,5,3,10,106,433,5.63189
4,0.005,8,1250,1.0,0.0,3,3,5,3,10,106,434,5.63189
4,0.005,8,1250,1.0,0.0,3,3,5,3,10,106,435,5.63189
4,0.005,8,1250,1.0,0.0,3,3,5,3,10,106,436,5.63189
4,0.005,8,1250,1.0,0.0,3,3,5,3,10,106,437,5.63189
4,0.005,8,1250,1.0,0.0,3,3,5,3,10,106,438,5.63189
4,0.005,8,1250,1.0,0.0,3,3,5,3,10,106,439,5.63189
4,0.005,8,1250,1.0,0.0,3,3,5,3,10,106,440,5.63189
4,0.005,8,1250,1.0,0.0,3,3,5,3,10,106,441,5.63189
4,0.005,8,1250,1.0,0.0,3,3,5,3,10,106,442,5.63189
4,0.005,8,1250,1.0,0.0,3,3,5,3,10,106,443,5.63189
4,0.005,8,1250,1.0,0.0,3,3,5,3,10,106,444,5.63189
4,0.005,8,1250,1.0,0.0,3,3,5,3,10,106,445,5.63189
4,0.005,8,1250,1.0,0.0,3,3,5,3,10,106,446,5.63189
4,0.005,8,1250,1.0,0.0,3,3,5,3,10,106,447,5.63189
4,0.005,8,1250,1.0,0.0,3,3,5,3,10,106,448,5.63189
4,0.005,8,1250,1.0,0.0,3,3,5,3,10,106,449,5.63189
4,0.005,8,1250,1.0,0.0,3,3,5,3,10,106,450,5.63189
4,0.005,8,1250,1.0,0.0,3,3,5,3,10,106,451,5.63189
4,0.005,8,1250,1.0,0.0,3,3,5,3,10,106,452,5.63189
4,0.005,8,1250,1.0,0.0,3,3,5,3,10,106,453,5.63189
4,0.005,8,1250,1.0,0.0,3,3,5,3,10,106,454,5.63189
4,0.005,8,1250,1.0,0.0,3,3,5,3,10,106,455,5.6319
4,0.005,8,1250,1.0,0.0,3,3,5,3,10,106,456,5.6319
4,0.005,8,1250,1.0,0.0,3,3,5,3,10,106,457,5.6319
4,0.005,8,1250,1.0,0.0,3,3,5,3,10,106,458,5.6319
4,0.005,8,1250,1.0,0.0,3,3,5,3,10,106,459,5.6319
4,0.005,8,1250,1.0,0.0,3,3,5,3,10,106,460,5.63189
4,0.005,8,1250,1.0,0.0,3,3,5,3,10,106,461,5.63189
4,0.005,8,1250,1.0,0.0,3,3,5,3,10,106,462,5.63189
4,0.005,8,1250,1.0,0.0,3,3,5,3,10,106,463,5.63189
4,0.005,8,1250,1.0,0.0,3,3,5,3,10,106,464,5.63189
4,0.005,8,1250,1.0,0.0,3,3,5,3,10,106,465,5.63189
4,0.005,8,1250,1.0,0.0,3,3,5,3,10,106,466,5.63189
4,0.005,8,1250,1.0,0.0,3,3,5,3,10,106,467,5.63189
4,0.005,8,1250,1.0,0.0,3,3,5,3,10,106,468,5.63189
4,0.005,8,1250,1.0,0.0,3,3,5,3,10,106,469,5.63189
4,0.005,8,1250,1.0,0.0,3,3,5,3,10,106,470,5.63189
4,0.005,8,1250,1.0,0.0,3,3,5,3,10,106,471,5.6319
4,0.005,8,1250,1.0,0.0,3,3,5,3,10,106,472,5.6319
4,0.005,8,1250,1.0,0.0,3,3,5,3,10,106,473,5.6319
4,0.005,8,1250,1.0,0.0,3,3,5,3,10,106,474,5.6319
4,0.005,8,1250,1.0,0.0,3,3,5,3,10,106,475,5.63189
4,0.005,8,1250,1.0,0.0,3,3,5,3,10,106,476,5.63189
4,0.005,8,1250,1.0,0.0,3,3,5,3,10,106,477,5.6319
4,0.005,8,1250,1.0,0.0,3,3,5,3,10,106,478,5.63189
4,0.005,8,1250,1.0,0.0,3,3,5,3,10,106,479,5.63189
4,0.005,8,1250,1.0,0.0,3,3,5,3,10,106,480,5.63189
4,0.005,8,1250,1.0,0.0,3,3,5,3,10,106,481,5.63189
4,0.005,8,1250,1.0,0.0,3,3,5,3,10,106,482,5.63189
4,0.005,8,1250,1.0,0.0,3,3,5,3,10,106,483,5.63189
4,0.005,8,1250,1.0,0.0,3,3,5,3,10,106,484,5.63189
4,0.005,8,1250,1.0,0.0,3,3,5,3,10,106,485,5.63189
4,0.005,8,1250,1.0,0.0,3,3,5,3,10,106,486,5.63189
4,0.005,8,1250,1.0,0.0,3,3,5,3,10,106,487,5.63189
4,0.005,8,1250,1.0,0.0,3,3,5,3,10,106,488,5.63189
4,0.005,8,1250,1.0,0.0,3,3,5,3,10,106,489,5.63189
4,0.005,8,1250,1.0,0.0,3,3,5,3,10,106,490,5.63189
4,0.005,8,1250,1.0,0.0,3,3,5,3,10,106,491,5.63189
4,0.005,8,1250,1.0,0.0,3,3,5,3,10,106,492,5.6319
4,0.005,8,1250,1.0,0.0,3,3,5,3,10,106,493,5.6319
4,0.005,8,1250,1.0,0.0,3,3,5,3,10,106,494,5.6319
4,0.005,8,1250,1.0,0.0,3,3,5,3,10,106,495,5.63189
4,0.005,8,1250,1.0,0.0,3,3,5,3,10,106,496,5.63189
4,0.005,8,1250,1.0,0.0,3,3,5,3,10,106,497,5.63189
4,0.005,8,1250,1.0,0.0,3,3,5,3,10,106,498,5.63189
4,0.005,8,1250,1.0,0.0,3,3,5,3,10,106,499,5.63189
4,0.005,8,1250,1.0,0.0,3,3,5,3,10,106,500,5.63189
4,0.005,8,1250,1.0,0.0,3,3,5,3,10,106,-1,15.5379
4,0.005,8,1250,1.0,0.0,3,3,5,3,10,106,501,5.63189
4,0.005,8,1250,1.0,0.0,3,3,5,3,10,106,502,5.63189
4,0.005,8,1250,1.0,0.0,3,3,5,3,10,106,503,5.63189
4,0.005,8,1250,1.0,0.0,3,3,5,3,10,106,504,5.63189
4,0.005,8,1250,1.0,0.0,3,3,5,3,10,106,505,5.63189
4,0.005,8,1250,1.0,0.0,3,3,5,3,10,106,506,5.63189
4,0.005,8,1250,1.0,0.0,3,3,5,3,10,106,507,5.63189
4,0.005,8,1250,1.0,0.0,3,3,5,3,10,106,508,5.63189
4,0.005,8,1250,1.0,0.0,3,3,5,3,10,106,509,5.63189
4,0.005,8,1250,1.0,0.0,3,3,5,3,10,106,510,5.63189
4,0.005,8,1250,1.0,0.0,3,3,5,3,10,106,511,5.63189
4,0.005,8,1250,1.0,0.0,3,3,5,3,10,106,512,5.6319
4,0.005,8,1250,1.0,0.0,3,3,5,3,10,106,513,5.6319
4,0.005,8,1250,1.0,0.0,3,3,5,3,10,106,514,5.63189
4,0.005,8,1250,1.0,0.0,3,3,5,3,10,106,515,5.63189
4,0.005,8,1250,1.0,0.0,3,3,5,3,10,106,516,5.6319
4,0.005,8,1250,1.0,0.0,3,3,5,3,10,106,517,5.6319
4,0.005,8,1250,1.0,0.0,3,3,5,3,10,106,518,5.6319
4,0.005,8,1250,1.0,0.0,3,3,5,3,10,106,519,5.63189
4,0.005,8,1250,1.0,0.0,3,3,5,3,10,106,520,5.63189
4,0.005,8,1250,1.0,0.0,3,3,5,3,10,106,521,5.63189
4,0.005,8,1250,1.0,0.0,3,3,5,3,10,106,522,5.63189
4,0.005,8,1250,1.0,0.0,3,3,5,3,10,106,523,5.63189
4,0.005,8,1250,1.0,0.0,3,3,5,3,10,106,524,5.63189
4,0.005,8,1250,1.0,0.0,3,3,5,3,10,106,525,5.63189
4,0.005,8,1250,1.0,0.0,3,3,5,3,10,106,526,5.63189
4,0.005,8,1250,1.0,0.0,3,3,5,3,10,106,527,5.63189
4,0.005,8,1250,1.0,0.0,3,3,5,3,10,106,528,5.63189
4,0.005,8,1250,1.0,0.0,3,3,5,3,10,106,529,5.63189
4,0.005,8,1250,1.0,0.0,3,3,5,3,10,106,530,5.6319
4,0.005,8,1250,1.0,0.0,3,3,5,3,10,106,531,5.6319
4,0.005,8,1250,1.0,0.0,3,3,5,3,10,106,532,5.6319
4,0.005,8,1250,1.0,0.0,3,3,5,3,10,106,533,5.63189
4,0.005,8,1250,1.0,0.0,3,3,5,3,10,106,534,5.63189
4,0.005,8,1250,1.0,0.0,3,3,5,3,10,106,535,5.63189
4,0.005,8,1250,1.0,0.0,3,3,5,3,10,106,536,5.63189
4,0.005,8,1250,1.0,0.0,3,3,5,3,10,106,537,5.6319
4,0.005,8,1250,1.0,0.0,3,3,5,3,10,106,538,5.63189
4,0.005,8,1250,1.0,0.0,3,3,5,3,10,106,539,5.63189
4,0.005,8,1250,1.0,0.0,3,3,5,3,10,106,540,5.63189
4,0.005,8,1250,1.0,0.0,3,3,5,3,10,106,541,5.63189
4,0.005,8,1250,1.0,0.0,3,3,5,3,10,106,542,5.63189
4,0.005,8,1250,1.0,0.0,3,3,5,3,10,106,543,5.63189
4,0.005,8,1250,1.0,0.0,3,3,5,3,10,106,544,5.63189
4,0.005,8,1250,1.0,0.0,3,3,5,3,10,106,545,5.63189
4,0.005,8,1250,1.0,0.0,3,3,5,3,10,106,546,5.63189
4,0.005,8,1250,1.0,0.0,3,3,5,3,10,106,547,5.63189
4,0.005,8,1250,1.0,0.0,3,3,5,3,10,106,548,5.63189
4,0.005,8,1250,1.0,0.0,3,3,5,3,10,106,549,5.63189
4,0.005,8,1250,1.0,0.0,3,3,5,3,10,106,550,5.63189
4,0.005,8,1250,1.0,0.0,3,3,5,3,10,106,551,5.63189
4,0.005,8,1250,1.0,0.0,3,3,5,3,10,106,552,5.63189
4,0.005,8,1250,1.0,0.0,3,3,5,3,10,106,553,5.63189
4,0.005,8,1250,1.0,0.0,3,3,5,3,10,106,554,5.63189
4,0.005,8,1250,1.0,0.0,3,3,5,3,10,106,555,5.63189
4,0.005,8,1250,1.0,0.0,3,3,5,3,10,106,556,5.63189
4,0.005,8,1250,1.0,0.0,3,3,5,3,10,106,557,5.63189
4,0.005,8,1250,1.0,0.0,3,3,5,3,10,106,558,5.63189
4,0.005,8,1250,1.0,0.0,3,3,5,3,10,106,559,5.63189
4,0.005,8,1250,1.0,0.0,3,3,5,3,10,106,560,5.63189
4,0.005,8,1250,1.0,0.0,3,3,5,3,10,106,561,5.63189
4,0.005,8,1250,1.0,0.0,3,3,5,3,10,106,562,5.63189
4,0.005,8,1250,1.0,0.0,3,3,5,3,10,106,563,5.63189
4,0.005,8,1250,1.0,0.0,3,3,5,3,10,106,564,5.63189
4,0.005,8,1250,1.0,0.0,3,3,5,3,10,106,565,5.63189
4,0.005,8,1250,1.0,0.0,3,3,5,3,10,106,566,5.63189
4,0.005,8,1250,1.0,0.0,3,3,5,3,10,106,567,5.63189
4,0.005,8,1250,1.0,0.0,3,3,5,3,10,106,568,5.63189
4,0.005,8,1250,1.0,0.0,3,3,5,3,10,106,569,5.63189
4,0.005,8,1250,1.0,0.0,3,3,5,3,10,106,570,5.63189
4,0.005,8,1250,1.0,0.0,3,3,5,3,10,106,571,5.63189
4,0.005,8,1250,1.0,0.0,3,3,5,3,10,106,572,5.63189
4,0.005,8,1250,1.0,0.0,3,3,5,3,10,106,573,5.63189
4,0.005,8,1250,1.0,0.0,3,3,5,3,10,106,574,5.63189
4,0.005,8,1250,1.0,0.0,3,3,5,3,10,106,575,5.63189
4,0.005,8,1250,1.0,0.0,3,3,5,3,10,106,576,5.63189
4,0.005,8,1250,1.0,0.0,3,3,5,3,10,106,577,5.63189
4,0.005,8,1250,1.0,0.0,3,3,5,3,10,106,578,5.63189
4,0.005,8,1250,1.0,0.0,3,3,5,3,10,106,579,5.63189
4,0.005,8,1250,1.0,0.0,3,3,5,3,10,106,580,5.63189
4,0.005,8,1250,1.0,0.0,3,3,5,3,10,106,581,5.63189
4,0.005,8,1250,1.0,0.0,3,3,5,3,10,106,582,5.63189
4,0.005,8,1250,1.0,0.0,3,3,5,3,10,106,583,5.63189
4,0.005,8,1250,1.0,0.0,3,3,5,3,10,106,584,5.63189
4,0.005,8,1250,1.0,0.0,3,3,5,3,10,106,585,5.63189
4,0.005,8,1250,1.0,0.0,3,3,5,3,10,106,586,5.63189
4,0.005,8,1250,1.0,0.0,3,3,5,3,10,106,587,5.63189
4,0.005,8,1250,1.0,0.0,3,3,5,3,10,106,588,5.63189
4,0.005,8,1250,1.0,0.0,3,3,5,3,10,106,589,5.63189
4,0.005,8,1250,1.0,0.0,3,3,5,3,10,106,590,5.63189
4,0.005,8,1250,1.0,0.0,3,3,5,3,10,106,591,5.63189
4,0.005,8,1250,1.0,0.0,3,3,5,3,10,106,592,5.63189
4,0.005,8,1250,1.0,0.0,3,3,5,3,10,106,593,5.63189
4,0.005,8,1250,1.0,0.0,3,3,5,3,10,106,594,5.63189
4,0.005,8,1250,1.0,0.0,3,3,5,3,10,106,595,5.63189
4,0.005,8,1250,1.0,0.0,3,3,5,3,10,106,596,5.63189
4,0.005,8,1250,1.0,0.0,3,3,5,3,10,106,597,5.63189
4,0.005,8,1250,1.0,0.0,3,3,5,3,10,106,598,5.63189
4,0.005,8,1250,1.0,0.0,3,3,5,3,10,106,599,5.63189
4,0.005,8,1250,1.0,0.0,3,3,5,3,10,106,600,5.63189
4,0.005,8,1250,1.0,0.0,3,3,5,3,10,106,-1,15.5379
4,0.005,8,1250,1.0,0.0,3,3,5,3,10,106,601,5.63189
4,0.005,8,1250,1.0,0.0,3,3,5,3,10,106,602,5.6319
4,0.005,8,1250,1.0,0.0,3,3,5,3,10,106,603,5.63189
4,0.005,8,1250,1.0,0.0,3,3,5,3,10,106,604,5.63189
4,0.005,8,1250,1.0,0.0,3,3,5,3,10,106,605,5.63189
4,0.005,8,1250,1.0,0.0,3,3,5,3,10,106,606,5.63189
4,0.005,8,1250,1.0,0.0,3,3,5,3,10,106,607,5.63189
4,0.005,8,1250,1.0,0.0,3,3,5,3,10,106,608,5.63189
4,0.005,8,1250,1.0,0.0,3,3,5,3,10,106,609,5.63189
4,0.005,8,1250,1.0,0.0,3,3,5,3,10,106,610,5.63189
4,0.005,8,1250,1.0,0.0,3,3,5,3,10,106,611,5.63189
4,0.005,8,1250,1.0,0.0,3,3,5,3,10,106,612,5.63189
4,0.005,8,1250,1.0,0.0,3,3,5,3,10,106,613,5.63189
4,0.005,8,1250,1.0,0.0,3,3,5,3,10,106,614,5.63189
4,0.005,8,1250,1.0,0.0,3,3,5,3,10,106,615,5.63189
4,0.005,8,1250,1.0,0.0,3,3,5,3,10,106,616,5.63189
4,0.005,8,1250,1.0,0.0,3,3,5,3,10,106,617,5.63189
4,0.005,8,1250,1.0,0.0,3,3,5,3,10,106,618,5.63189
4,0.005,8,1250,1.0,0.0,3,3,5,3,10,106,619,5.63189
4,0.005,8,1250,1.0,0.0,3,3,5,3,10,106,620,5.63189
4,0.005,8,1250,1.0,0.0,3,3,5,3,10,106,621,5.63189
4,0.005,8,1250,1.0,0.0,3,3,5,3,10,106,622,5.63189
4,0.005,8,1250,1.0,0.0,3,3,5,3,10,106,623,5.63189
4,0.005,8,1250,1.0,0.0,3,3,5,3,10,106,624,5.63189
4,0.005,8,1250,1.0,0.0,3,3,5,3,10,106,625,5.63189
4,0.005,8,1250,1.0,0.0,3,3,5,3,10,106,626,5.63189
4,0.005,8,1250,1.0,0.0,3,3,5,3,10,106,627,5.6319
4,0.005,8,1250,1.0,0.0,3,3,5,3,10,106,628,5.63189
4,0.005,8,1250,1.0,0.0,3,3,5,3,10,106,629,5.63189
4,0.005,8,1250,1.0,0.0,3,3,5,3,10,106,630,5.63189
4,0.005,8,1250,1.0,0.0,3,3,5,3,10,106,631,5.6319
4,0.005,8,1250,1.0,0.0,3,3,5,3,10,106,632,5.6319
4,0.005,8,1250,1.0,0.0,3,3,5,3,10,106,633,5.63189
4,0.005,8,1250,1.0,0.0,3,3,5,3,10,106,634,5.63189
4,0.005,8,1250,1.0,0.0,3,3,5,3,10,106,635,5.63189
4,0.005,8,1250,1.0,0.0,3,3,5,3,10,106,636,5.63189
4,0.005,8,1250,1.0,0.0,3,3,5,3,10,106,637,5.63189
4,0.005,8,1250,1.0,0.0,3,3,5,3,10,106,638,5.63189
4,0.005,8,1250,1.0,0.0,3,3,5,3,10,106,639,5.6319
4,0.005,8,1250,1.0,0.0,3,3,5,3,10,106,640,5.63189
4,0.005,8,1250,1.0,0.0,3,3,5,3,10,106,641,5.6319
4,0.005,8,1250,1.0,0.0,3,3,5,3,10,106,642,5.6319
4,0.005,8,1250,1.0,0.0,3,3,5,3,10,106,643,5.63189
4,0.005,8,1250,1.0,0.0,3,3,5,3,10,106,644,5.63189
4,0.005,8,1250,1.0,0.0,3,3,5,3,10,106,645,5.63189
4,0.005,8,1250,1.0,0.0,3,3,5,3,10,106,646,5.63189
4,0.005,8,1250,1.0,0.0,3,3,5,3,10,106,647,5.63189
4,0.005,8,1250,1.0,0.0,3,3,5,3,10,106,648,5.6319
4,0.005,8,1250,1.0,0.0,3,3,5,3,10,106,649,5.63189
4,0.005,8,1250,1.0,0.0,3,3,5,3,10,106,650,5.63189
4,0.005,8,1250,1.0,0.0,3,3,5,3,10,106,651,5.6319
4,0.005,8,1250,1.0,0.0,3,3,5,3,10,106,652,5.63189
4,0.005,8,1250,1.0,0.0,3,3,5,3,10,106,653,5.6319
4,0.005,8,1250,1.0,0.0,3,3,5,3,10,106,654,5.63189
4,0.005,8,1250,1.0,0.0,3,3,5,3,10,106,655,5.63189
4,0.005,8,1250,1.0,0.0,3,3,5,3,10,106,656,5.63189
4,0.005,8,1250,1.0,0.0,3,3,5,3,10,106,657,5.63189
4,0.005,8,1250,1.0,0.0,3,3,5,3,10,106,658,5.6319
4,0.005,8,1250,1.0,0.0,3,3,5,3,10,106,659,5.63189
4,0.005,8,1250,1.0,0.0,3,3,5,3,10,106,660,5.63189
4,0.005,8,1250,1.0,0.0,3,3,5,3,10,106,661,5.63189
4,0.005,8,1250,1.0,0.0,3,3,5,3,10,106,662,5.63189
4,0.005,8,1250,1.0,0.0,3,3,5,3,10,106,663,5.63189
4,0.005,8,1250,1.0,0.0,3,3,5,3,10,106,664,5.63189
4,0.005,8,1250,1.0,0.0,3,3,5,3,10,106,665,5.63189
4,0.005,8,1250,1.0,0.0,3,3,5,3,10,106,666,5.63189
4,0.005,8,1250,1.0,0.0,3,3,5,3,10,106,667,5.63189
4,0.005,8,1250,1.0,0.0,3,3,5,3,10,106,668,5.6319
4,0.005,8,1250,1.0,0.0,3,3,5,3,10,106,669,5.6319
4,0.005,8,1250,1.0,0.0,3,3,5,3,10,106,670,5.63189
4,0.005,8,1250,1.0,0.0,3,3,5,3,10,106,671,5.6319
4,0.005,8,1250,1.0,0.0,3,3,5,3,10,106,672,5.63189
4,0.005,8,1250,1.0,0.0,3,3,5,3,10,106,673,5.63189
4,0.005,8,1250,1.0,0.0,3,3,5,3,10,106,674,5.63189
4,0.005,8,1250,1.0,0.0,3,3,5,3,10,106,675,5.63189
4,0.005,8,1250,1.0,0.0,3,3,5,3,10,106,676,5.63189
4,0.005,8,1250,1.0,0.0,3,3,5,3,10,106,677,5.63189
4,0.005,8,1250,1.0,0.0,3,3,5,3,10,106,678,5.63189
4,0.005,8,1250,1.0,0.0,3,3,5,3,10,106,679,5.63189
4,0.005,8,1250,1.0,0.0,3,3,5,3,10,106,680,5.63189
4,0.005,8,1250,1.0,0.0,3,3,5,3,10,106,681,5.63189
4,0.005,8,1250,1.0,0.0,3,3,5,3,10,106,682,5.63189
4,0.005,8,1250,1.0,0.0,3,3,5,3,10,106,683,5.63189
4,0.005,8,1250,1.0,0.0,3,3,5,3,10,106,684,5.63189
4,0.005,8,1250,1.0,0.0,3,3,5,3,10,106,685,5.63189
4,0.005,8,1250,1.0,0.0,3,3,5,3,10,106,686,5.6319
4,0.005,8,1250,1.0,0.0,3,3,5,3,10,106,687,5.63189
4,0.005,8,1250,1.0,0.0,3,3,5,3,10,106,688,5.6319
4,0.005,8,1250,1.0,0.0,3,3,5,3,10,106,689,5.63189
4,0.005,8,1250,1.0,0.0,3,3,5,3,10,106,690,5.63189
4,0.005,8,1250,1.0,0.0,3,3,5,3,10,106,691,5.63189
4,0.005,8,1250,1.0,0.0,3,3,5,3,10,106,692,5.63189
4,0.005,8,1250,1.0,0.0,3,3,5,3,10,106,693,5.63189
4,0.005,8,1250,1.0,0.0,3,3,5,3,10,106,694,5.63189
4,0.005,8,1250,1.0,0.0,3,3,5,3,10,106,695,5.63189
4,0.005,8,1250,1.0,0.0,3,3,5,3,10,106,696,5.63189
4,0.005,8,1250,1.0,0.0,3,3,5,3,10,106,697,5.63189
4,0.005,8,1250,1.0,0.0,3,3,5,3,10,106,698,5.63189
4,0.005,8,1250,1.0,0.0,3,3,5,3,10,106,699,5.63189
4,0.005,8,1250,1.0,0.0,3,3,5,3,10,106,700,5.63189
4,0.005,8,1250,1.0,0.0,3,3,5,3,10,106,-1,15.5379
4,0.005,8,1250,1.0,0.0,3,3,5,3,10,106,701,5.63189
4,0.005,8,1250,1.0,0.0,3,3,5,3,10,106,702,5.63189
4,0.005,8,1250,1.0,0.0,3,3,5,3,10,106,703,5.63189
4,0.005,8,1250,1.0,0.0,3,3,5,3,10,106,704,5.63189
4,0.005,8,1250,1.0,0.0,3,3,5,3,10,106,705,5.63189
4,0.005,8,1250,1.0,0.0,3,3,5,3,10,106,706,5.63189
4,0.005,8,1250,1.0,0.0,3,3,5,3,10,106,707,5.63189
4,0.005,8,1250,1.0,0.0,3,3,5,3,10,106,708,5.63189
4,0.005,8,1250,1.0,0.0,3,3,5,3,10,106,709,5.63189
4,0.005,8,1250,1.0,0.0,3,3,5,3,10,106,710,5.63189
4,0.005,8,1250,1.0,0.0,3,3,5,3,10,106,711,5.6319
4,0.005,8,1250,1.0,0.0,3,3,5,3,10,106,712,5.63189
4,0.005,8,1250,1.0,0.0,3,3,5,3,10,106,713,5.63189
4,0.005,8,1250,1.0,0.0,3,3,5,3,10,106,714,5.63189
4,0.005,8,1250,1.0,0.0,3,3,5,3,10,106,715,5.63189
4,0.005,8,1250,1.0,0.0,3,3,5,3,10,106,716,5.63189
4,0.005,8,1250,1.0,0.0,3,3,5,3,10,106,717,5.63189
4,0.005,8,1250,1.0,0.0,3,3,5,3,10,106,718,5.63189
4,0.005,8,1250,1.0,0.0,3,3,5,3,10,106,719,5.63189
4,0.005,8,1250,1.0,0.0,3,3,5,3,10,106,720,5.63189
4,0.005,8,1250,1.0,0.0,3,3,5,3,10,106,721,5.63189
4,0.005,8,1250,1.0,0.0,3,3,5,3,10,106,722,5.63189
4,0.005,8,1250,1.0,0.0,3,3,5,3,10,106,723,5.63189
4,0.005,8,1250,1.0,0.0,3,3,5,3,10,106,724,5.63189
4,0.005,8,1250,1.0,0.0,3,3,5,3,10,106,725,5.63189
4,0.005,8,1250,1.0,0.0,3,3,5,3,10,106,726,5.63189
4,0.005,8,1250,1.0,0.0,3,3,5,3,10,106,727,5.63189
4,0.005,8,1250,1.0,0.0,3,3,5,3,10,106,728,5.63189
4,0.005,8,1250,1.0,0.0,3,3,5,3,10,106,729,5.63189
4,0.005,8,1250,1.0,0.0,3,3,5,3,10,106,730,5.63189
4,0.005,8,1250,1.0,0.0,3,3,5,3,10,106,731,5.63189
4,0.005,8,1250,1.0,0.0,3,3,5,3,10,106,732,5.63189
4,0.005,8,1250,1.0,0.0,3,3,5,3,10,106,733,5.63189
4,0.005,8,1250,1.0,0.0,3,3,5,3,10,106,734,5.63189
4,0.005,8,1250,1.0,0.0,3,3,5,3,10,106,735,5.63189
4,0.005,8,1250,1.0,0.0,3,3,5,3,10,106,736,5.63189
4,0.005,8,1250,1.0,0.0,3,3,5,3,10,106,737,5.63189
4,0.005,8,1250,1.0,0.0,3,3,5,3,10,106,738,5.6319
4,0.005,8,1250,1.0,0.0,3,3,5,3,10,106,739,5.63189
4,0.005,8,1250,1.0,0.0,3,3,5,3,10,106,740,5.63189
4,0.005,8,1250,1.0,0.0,3,3,5,3,10,106,741,5.63189
4,0.005,8,1250,1.0,0.0,3,3,5,3,10,106,742,5.63189
4,0.005,8,1250,1.0,0.0,3,3,5,3,10,106,743,5.63189
4,0.005,8,1250,1.0,0.0,3,3,5,3,10,106,744,5.63189
4,0.005,8,1250,1.0,0.0,3,3,5,3,10,106,745,5.63189
4,0.005,8,1250,1.0,0.0,3,3,5,3,10,106,746,5.6319
4,0.005,8,1250,1.0,0.0,3,3,5,3,10,106,747,5.6319
4,0.005,8,1250,1.0,0.0,3,3,5,3,10,106,748,5.6319
4,0.005,8,1250,1.0,0.0,3,3,5,3,10,106,749,5.6319
4,0.005,8,1250,1.0,0.0,3,3,5,3,10,106,750,5.6319
4,0.005,8,1250,1.0,0.0,3,3,5,3,10,106,751,5.63189
4,0.005,8,1250,1.0,0.0,3,3,5,3,10,106,752,5.63189
4,0.005,8,1250,1.0,0.0,3,3,5,3,10,106,753,5.63189
4,0.005,8,1250,1.0,0.0,3,3,5,3,10,106,754,5.63189
4,0.005,8,1250,1.0,0.0,3,3,5,3,10,106,755,5.63189
4,0.005,8,1250,1.0,0.0,3,3,5,3,10,106,756,5.63189
4,0.005,8,1250,1.0,0.0,3,3,5,3,10,106,757,5.6319
4,0.005,8,1250,1.0,0.0,3,3,5,3,10,106,758,5.63189
4,0.005,8,1250,1.0,0.0,3,3,5,3,10,106,759,5.63189
4,0.005,8,1250,1.0,0.0,3,3,5,3,10,106,760,5.63189
4,0.005,8,1250,1.0,0.0,3,3,5,3,10,106,761,5.63189
4,0.005,8,1250,1.0,0.0,3,3,5,3,10,106,762,5.63189
4,0.005,8,1250,1.0,0.0,3,3,5,3,10,106,763,5.63189
4,0.005,8,1250,1.0,0.0,3,3,5,3,10,106,764,5.63189
4,0.005,8,1250,1.0,0.0,3,3,5,3,10,106,765,5.63189
4,0.005,8,1250,1.0,0.0,3,3,5,3,10,106,766,5.6319
4,0.005,8,1250,1.0,0.0,3,3,5,3,10,106,767,5.63189
4,0.005,8,1250,1.0,0.0,3,3,5,3,10,106,768,5.63189
4,0.005,8,1250,1.0,0.0,3,3,5,3,10,106,769,5.63189
4,0.005,8,1250,1.0,0.0,3,3,5,3,10,106,770,5.63189
4,0.005,8,1250,1.0,0.0,3,3,5,3,10,106,771,5.6319
4,0.005,8,1250,1.0,0.0,3,3,5,3,10,106,772,5.6319
4,0.005,8,1250,1.0,0.0,3,3,5,3,10,106,773,5.63189
4,0.005,8,1250,1.0,0.0,3,3,5,3,10,106,774,5.6319
4,0.005,8,1250,1.0,0.0,3,3,5,3,10,106,775,5.63189
4,0.005,8,1250,1.0,0.0,3,3,5,3,10,106,776,5.63189
4,0.005,8,1250,1.0,0.0,3,3,5,3,10,106,777,5.63189
4,0.005,8,1250,1.0,0.0,3,3,5,3,10,106,778,5.63189
4,0.005,8,1250,1.0,0.0,3,3,5,3,10,106,779,5.63189
4,0.005,8,1250,1.0,0.0,3,3,5,3,10,106,780,5.63189
4,0.005,8,1250,1.0,0.0,3,3,5,3,10,106,781,5.63189
4,0.005,8,1250,1.0,0.0,3,3,5,3,10,106,782,5.63189
4,0.005,8,1250,1.0,0.0,3,3,5,3,10,106,783,5.63189
4,0.005,8,1250,1.0,0.0,3,3,5,3,10,106,784,5.63189
4,0.005,8,1250,1.0,0.0,3,3,5,3,10,106,785,5.63189
4,0.005,8,1250,1.0,0.0,3,3,5,3,10,106,786,5.63189
4,0.005,8,1250,1.0,0.0,3,3,5,3,10,106,787,5.63189
4,0.005,8,1250,1.0,0.0,3,3,5,3,10,106,788,5.63189
4,0.005,8,1250,1.0,0.0,3,3,5,3,10,106,789,5.63189
4,0.005,8,1250,1.0,0.0,3,3,5,3,10,106,790,5.63189
4,0.005,8,1250,1.0,0.0,3,3,5,3,10,106,791,5.63189
4,0.005,8,1250,1.0,0.0,3,3,5,3,10,106,792,5.63189
4,0.005,8,1250,1.0,0.0,3,3,5,3,10,106,793,5.63189
4,0.005,8,1250,1.0,0.0,3,3,5,3,10,106,794,5.63189
4,0.005,8,1250,1.0,0.0,3,3,5,3,10,106,795,5.63189
4,0.005,8,1250,1.0,0.0,3,3,5,3,10,106,796,5.63189
4,0.005,8,1250,1.0,0.0,3,3,5,3,10,106,797,5.63189
4,0.005,8,1250,1.0,0.0,3,3,5,3,10,106,798,5.63189
4,0.005,8,1250,1.0,0.0,3,3,5,3,10,106,799,5.63189
4,0.005,8,1250,1.0,0.0,3,3,5,3,10,106,800,5.6319
4,0.005,8,1250,1.0,0.0,3,3,5,3,10,106,-1,15.5379
4,0.005,8,1250,1.0,0.0,3,3,5,3,10,106,801,5.6319
4,0.005,8,1250,1.0,0.0,3,3,5,3,10,106,802,5.6319
4,0.005,8,1250,1.0,0.0,3,3,5,3,10,106,803,5.63189
4,0.005,8,1250,1.0,0.0,3,3,5,3,10,106,804,5.63189
4,0.005,8,1250,1.0,0.0,3,3,5,3,10,106,805,5.63189
4,0.005,8,1250,1.0,0.0,3,3,5,3,10,106,806,5.63189
4,0.005,8,1250,1.0,0.0,3,3,5,3,10,106,807,5.63189
4,0.005,8,1250,1.0,0.0,3,3,5,3,10,106,808,5.63189
4,0.005,8,1250,1.0,0.0,3,3,5,3,10,106,809,5.63189
4,0.005,8,1250,1.0,0.0,3,3,5,3,10,106,810,5.63189
4,0.005,8,1250,1.0,0.0,3,3,5,3,10,106,811,5.63189
4,0.005,8,1250,1.0,0.0,3,3,5,3,10,106,812,5.63189
4,0.005,8,1250,1.0,0.0,3,3,5,3,10,106,813,5.6319
4,0.005,8,1250,1.0,0.0,3,3,5,3,10,106,814,5.6319
4,0.005,8,1250,1.0,0.0,3,3,5,3,10,106,815,5.63189
4,0.005,8,1250,1.0,0.0,3,3,5,3,10,106,816,5.6319
4,0.005,8,1250,1.0,0.0,3,3,5,3,10,106,817,5.63189
4,0.005,8,1250,1.0,0.0,3,3,5,3,10,106,818,5.63189
4,0.005,8,1250,1.0,0.0,3,3,5,3,10,106,819,5.63189
4,0.005,8,1250,1.0,0.0,3,3,5,3,10,106,820,5.63189
4,0.005,8,1250,1.0,0.0,3,3,5,3,10,106,821,5.63189
4,0.005,8,1250,1.0,0.0,3,3,5,3,10,106,822,5.6319
4,0.005,8,1250,1.0,0.0,3,3,5,3,10,106,823,5.63189
4,0.005,8,1250,1.0,0.0,3,3,5,3,10,106,824,5.6319
4,0.005,8,1250,1.0,0.0,3,3,5,3,10,106,825,5.63189
4,0.005,8,1250,1.0,0.0,3,3,5,3,10,106,826,5.6319
4,0.005,8,1250,1.0,0.0,3,3,5,3,10,106,827,5.6319
4,0.005,8,1250,1.0,0.0,3,3,5,3,10,106,828,5.63189
4,0.005,8,1250,1.0,0.0,3,3,5,3,10,106,829,5.63189
4,0.005,8,1250,1.0,0.0,3,3,5,3,10,106,830,5.63189
4,0.005,8,1250,1.0,0.0,3,3,5,3,10,106,831,5.63189
4,0.005,8,1250,1.0,0.0,3,3,5,3,10,106,832,5.63189
4,0.005,8,1250,1.0,0.0,3,3,5,3,10,106,833,5.63189
4,0.005,8,1250,1.0,0.0,3,3,5,3,10,106,834,5.63189
4,0.005,8,1250,1.0,0.0,3,3,5,3,10,106,835,5.63189
4,0.005,8,1250,1.0,0.0,3,3,5,3,10,106,836,5.63189
4,0.005,8,1250,1.0,0.0,3,3,5,3,10,106,837,5.6319
4,0.005,8,1250,1.0,0.0,3,3,5,3,10,106,838,5.63189
4,0.005,8,1250,1.0,0.0,3,3,5,3,10,106,839,5.63189
4,0.005,8,1250,1.0,0.0,3,3,5,3,10,106,840,5.6319
4,0.005,8,1250,1.0,0.0,3,3,5,3,10,106,841,5.63189
4,0.005,8,1250,1.0,0.0,3,3,5,3,10,106,842,5.63189
4,0.005,8,1250,1.0,0.0,3,3,5,3,10,106,843,5.63189
4,0.005,8,1250,1.0,0.0,3,3,5,3,10,106,844,5.63189
4,0.005,8,1250,1.0,0.0,3,3,5,3,10,106,845,5.63189
4,0.005,8,1250,1.0,0.0,3,3,5,3,10,106,846,5.63189
4,0.005,8,1250,1.0,0.0,3,3,5,3,10,106,847,5.63189
4,0.005,8,1250,1.0,0.0,3,3,5,3,10,106,848,5.63189
4,0.005,8,1250,1.0,0.0,3,3,5,3,10,106,849,5.63189
4,0.005,8,1250,1.0,0.0,3,3,5,3,10,106,850,5.63189
4,0.005,8,1250,1.0,0.0,3,3,5,3,10,106,851,5.63189
4,0.005,8,1250,1.0,0.0,3,3,5,3,10,106,852,5.63189
4,0.005,8,1250,1.0,0.0,3,3,5,3,10,106,853,5.6319
4,0.005,8,1250,1.0,0.0,3,3,5,3,10,106,854,5.63189
4,0.005,8,1250,1.0,0.0,3,3,5,3,10,106,855,5.63189
4,0.005,8,1250,1.0,0.0,3,3,5,3,10,106,856,5.63189
4,0.005,8,1250,1.0,0.0,3,3,5,3,10,106,857,5.6319
4,0.005,8,1250,1.0,0.0,3,3,5,3,10,106,858,5.6319
4,0.005,8,1250,1.0,0.0,3,3,5,3,10,106,859,5.6319
4,0.005,8,1250,1.0,0.0,3,3,5,3,10,106,860,5.63189
4,0.005,8,1250,1.0,0.0,3,3,5,3,10,106,861,5.63189
4,0.005,8,1250,1.0,0.0,3,3,5,3,10,106,862,5.63189
4,0.005,8,1250,1.0,0.0,3,3,5,3,10,106,863,5.63189
4,0.005,8,1250,1.0,0.0,3,3,5,3,10,106,864,5.6319
4,0.005,8,1250,1.0,0.0,3,3,5,3,10,106,865,5.63189
4,0.005,8,1250,1.0,0.0,3,3,5,3,10,106,866,5.6319
4,0.005,8,1250,1.0,0.0,3,3,5,3,10,106,867,5.63189
4,0.005,8,1250,1.0,0.0,3,3,5,3,10,106,868,5.63189
4,0.005,8,1250,1.0,0.0,3,3,5,3,10,106,869,5.63189
4,0.005,8,1250,1.0,0.0,3,3,5,3,10,106,870,5.63189
4,0.005,8,1250,1.0,0.0,3,3,5,3,10,106,871,5.63189
4,0.005,8,1250,1.0,0.0,3,3,5,3,10,106,872,5.6319
4,0.005,8,1250,1.0,0.0,3,3,5,3,10,106,873,5.63189
4,0.005,8,1250,1.0,0.0,3,3,5,3,10,106,874,5.63189
4,0.005,8,1250,1.0,0.0,3,3,5,3,10,106,875,5.63189
4,0.005,8,1250,1.0,0.0,3,3,5,3,10,106,876,5.63189
4,0.005,8,1250,1.0,0.0,3,3,5,3,10,106,877,5.63189
4,0.005,8,1250,1.0,0.0,3,3,5,3,10,106,878,5.63189
4,0.005,8,1250,1.0,0.0,3,3,5,3,10,106,879,5.63189
4,0.005,8,1250,1.0,0.0,3,3,5,3,10,106,880,5.63189
4,0.005,8,1250,1.0,0.0,3,3,5,3,10,106,881,5.63189
4,0.005,8,1250,1.0,0.0,3,3,5,3,10,106,882,5.63189
4,0.005,8,1250,1.0,0.0,3,3,5,3,10,106,883,5.63189
4,0.005,8,1250,1.0,0.0,3,3,5,3,10,106,884,5.63189
4,0.005,8,1250,1.0,0.0,3,3,5,3,10,106,885,5.63189
4,0.005,8,1250,1.0,0.0,3,3,5,3,10,106,886,5.63189
4,0.005,8,1250,1.0,0.0,3,3,5,3,10,106,887,5.6319
4,0.005,8,1250,1.0,0.0,3,3,5,3,10,106,888,5.63189
4,0.005,8,1250,1.0,0.0,3,3,5,3,10,106,889,5.63189
4,0.005,8,1250,1.0,0.0,3,3,5,3,10,106,890,5.63189
4,0.005,8,1250,1.0,0.0,3,3,5,3,10,106,891,5.63189
4,0.005,8,1250,1.0,0.0,3,3,5,3,10,106,892,5.63189
4,0.005,8,1250,1.0,0.0,3,3,5,3,10,106,893,5.63189
4,0.005,8,1250,1.0,0.0,3,3,5,3,10,106,894,5.63189
4,0.005,8,1250,1.0,0.0,3,3,5,3,10,106,895,5.63189
4,0.005,8,1250,1.0,0.0,3,3,5,3,10,106,896,5.63189
4,0.005,8,1250,1.0,0.0,3,3,5,3,10,106,897,5.63189
4,0.005,8,1250,1.0,0.0,3,3,5,3,10,106,898,5.63189
4,0.005,8,1250,1.0,0.0,3,3,5,3,10,106,899,5.6319
4,0.005,8,1250,1.0,0.0,3,3,5,3,10,106,900,5.6319
4,0.005,8,1250,1.0,0.0,3,3,5,3,10,106,-1,15.5379
4,0.005,8,1250,1.0,0.0,3,3,5,3,10,106,901,5.63189
4,0.005,8,1250,1.0,0.0,3,3,5,3,10,106,902,5.63189
4,0.005,8,1250,1.0,0.0,3,3,5,3,10,106,903,5.63189
4,0.005,8,1250,1.0,0.0,3,3,5,3,10,106,904,5.63189
4,0.005,8,1250,1.0,0.0,3,3,5,3,10,106,905,5.63189
4,0.005,8,1250,1.0,0.0,3,3,5,3,10,106,906,5.6319
4,0.005,8,1250,1.0,0.0,3,3,5,3,10,106,907,5.63189
4,0.005,8,1250,1.0,0.0,3,3,5,3,10,106,908,5.63189
4,0.005,8,1250,1.0,0.0,3,3,5,3,10,106,909,5.63189
4,0.005,8,1250,1.0,0.0,3,3,5,3,10,106,910,5.6319
4,0.005,8,1250,1.0,0.0,3,3,5,3,10,106,911,5.63189
4,0.005,8,1250,1.0,0.0,3,3,5,3,10,106,912,5.63189
4,0.005,8,1250,1.0,0.0,3,3,5,3,10,106,913,5.63189
4,0.005,8,1250,1.0,0.0,3,3,5,3,10,106,914,5.6319
4,0.005,8,1250,1.0,0.0,3,3,5,3,10,106,915,5.63189
4,0.005,8,1250,1.0,0.0,3,3,5,3,10,106,916,5.63189
4,0.005,8,1250,1.0,0.0,3,3,5,3,10,106,917,5.63189
4,0.005,8,1250,1.0,0.0,3,3,5,3,10,106,918,5.63189
4,0.005,8,1250,1.0,0.0,3,3,5,3,10,106,919,5.63189
4,0.005,8,1250,1.0,0.0,3,3,5,3,10,106,920,5.63189
4,0.005,8,1250,1.0,0.0,3,3,5,3,10,106,921,5.63189
4,0.005,8,1250,1.0,0.0,3,3,5,3,10,106,922,5.63189
4,0.005,8,1250,1.0,0.0,3,3,5,3,10,106,923,5.6319
4,0.005,8,1250,1.0,0.0,3,3,5,3,10,106,924,5.63189
4,0.005,8,1250,1.0,0.0,3,3,5,3,10,106,925,5.63189
4,0.005,8,1250,1.0,0.0,3,3,5,3,10,106,926,5.63189
4,0.005,8,1250,1.0,0.0,3,3,5,3,10,106,927,5.6319
4,0.005,8,1250,1.0,0.0,3,3,5,3,10,106,928,5.63189
4,0.005,8,1250,1.0,0.0,3,3,5,3,10,106,929,5.63189
4,0.005,8,1250,1.0,0.0,3,3,5,3,10,106,930,5.63189
4,0.005,8,1250,1.0,0.0,3,3,5,3,10,106,931,5.6319
4,0.005,8,1250,1.0,0.0,3,3,5,3,10,106,932,5.6319
4,0.005,8,1250,1.0,0.0,3,3,5,3,10,106,933,5.63189
4,0.005,8,1250,1.0,0.0,3,3,5,3,10,106,934,5.6319
4,0.005,8,1250,1.0,0.0,3,3,5,3,10,106,935,5.6319
4,0.005,8,1250,1.0,0.0,3,3,5,3,10,106,936,5.6319
4,0.005,8,1250,1.0,0.0,3,3,5,3,10,106,937,5.63189
4,0.005,8,1250,1.0,0.0,3,3,5,3,10,106,938,5.63189
4,0.005,8,1250,1.0,0.0,3,3,5,3,10,106,939,5.6319
4,0.005,8,1250,1.0,0.0,3,3,5,3,10,106,940,5.6319
4,0.005,8,1250,1.0,0.0,3,3,5,3,10,106,941,5.63189
4,0.005,8,1250,1.0,0.0,3,3,5,3,10,106,942,5.6319
4,0.005,8,1250,1.0,0.0,3,3,5,3,10,106,943,5.63189
4,0.005,8,1250,1.0,0.0,3,3,5,3,10,106,944,5.6319
4,0.005,8,1250,1.0,0.0,3,3,5,3,10,106,945,5.63189
4,0.005,8,1250,1.0,0.0,3,3,5,3,10,106,946,5.63189
4,0.005,8,1250,1.0,0.0,3,3,5,3,10,106,947,5.63189
4,0.005,8,1250,1.0,0.0,3,3,5,3,10,106,948,5.63189
4,0.005,8,1250,1.0,0.0,3,3,5,3,10,106,949,5.6319
4,0.005,8,1250,1.0,0.0,3,3,5,3,10,106,950,5.63189
4,0.005,8,1250,1.0,0.0,3,3,5,3,10,106,951,5.63189
4,0.005,8,1250,1.0,0.0,3,3,5,3,10,106,952,5.63189
4,0.005,8,1250,1.0,0.0,3,3,5,3,10,106,953,5.6319
4,0.005,8,1250,1.0,0.0,3,3,5,3,10,106,954,5.63189
4,0.005,8,1250,1.0,0.0,3,3,5,3,10,106,955,5.63189
4,0.005,8,1250,1.0,0.0,3,3,5,3,10,106,956,5.63189
4,0.005,8,1250,1.0,0.0,3,3,5,3,10,106,957,5.63189
4,0.005,8,1250,1.0,0.0,3,3,5,3,10,106,958,5.63189
4,0.005,8,1250,1.0,0.0,3,3,5,3,10,106,959,5.63189
4,0.005,8,1250,1.0,0.0,3,3,5,3,10,106,960,5.63189
4,0.005,8,1250,1.0,0.0,3,3,5,3,10,106,961,5.6319
4,0.005,8,1250,1.0,0.0,3,3,5,3,10,106,962,5.63189
4,0.005,8,1250,1.0,0.0,3,3,5,3,10,106,963,5.6319
4,0.005,8,1250,1.0,0.0,3,3,5,3,10,106,964,5.63189
4,0.005,8,1250,1.0,0.0,3,3,5,3,10,106,965,5.6319
4,0.005,8,1250,1.0,0.0,3,3,5,3,10,106,966,5.6319
4,0.005,8,1250,1.0,0.0,3,3,5,3,10,106,967,5.63189
4,0.005,8,1250,1.0,0.0,3,3,5,3,10,106,968,5.63189
4,0.005,8,1250,1.0,0.0,3,3,5,3,10,106,969,5.6319
4,0.005,8,1250,1.0,0.0,3,3,5,3,10,106,970,5.63189
4,0.005,8,1250,1.0,0.0,3,3,5,3,10,106,971,5.63189
4,0.005,8,1250,1.0,0.0,3,3,5,3,10,106,972,5.6319
4,0.005,8,1250,1.0,0.0,3,3,5,3,10,106,973,5.63189
4,0.005,8,1250,1.0,0.0,3,3,5,3,10,106,974,5.63189
4,0.005,8,1250,1.0,0.0,3,3,5,3,10,106,975,5.63189
4,0.005,8,1250,1.0,0.0,3,3,5,3,10,106,976,5.63189
4,0.005,8,1250,1.0,0.0,3,3,5,3,10,106,977,5.63189
4,0.005,8,1250,1.0,0.0,3,3,5,3,10,106,978,5.63189
4,0.005,8,1250,1.0,0.0,3,3,5,3,10,106,979,5.63189
4,0.005,8,1250,1.0,0.0,3,3,5,3,10,106,980,5.6319
4,0.005,8,1250,1.0,0.0,3,3,5,3,10,106,981,5.63189
4,0.005,8,1250,1.0,0.0,3,3,5,3,10,106,982,5.63189
4,0.005,8,1250,1.0,0.0,3,3,5,3,10,106,983,5.63189
4,0.005,8,1250,1.0,0.0,3,3,5,3,10,106,984,5.63189
4,0.005,8,1250,1.0,0.0,3,3,5,3,10,106,985,5.63189
4,0.005,8,1250,1.0,0.0,3,3,5,3,10,106,986,5.63189
4,0.005,8,1250,1.0,0.0,3,3,5,3,10,106,987,5.63189
4,0.005,8,1250,1.0,0.0,3,3,5,3,10,106,988,5.63189
4,0.005,8,1250,1.0,0.0,3,3,5,3,10,106,989,5.63189
4,0.005,8,1250,1.0,0.0,3,3,5,3,10,106,990,5.63189
4,0.005,8,1250,1.0,0.0,3,3,5,3,10,106,991,5.63189
4,0.005,8,1250,1.0,0.0,3,3,5,3,10,106,992,5.63189
4,0.005,8,1250,1.0,0.0,3,3,5,3,10,106,993,5.63189
4,0.005,8,1250,1.0,0.0,3,3,5,3,10,106,994,5.63189
4,0.005,8,1250,1.0,0.0,3,3,5,3,10,106,995,5.6319
4,0.005,8,1250,1.0,0.0,3,3,5,3,10,106,996,5.63189
4,0.005,8,1250,1.0,0.0,3,3,5,3,10,106,997,5.63189
4,0.005,8,1250,1.0,0.0,3,3,5,3,10,106,998,5.63189
4,0.005,8,1250,1.0,0.0,3,3,5,3,10,106,999,5.63189
4,0.005,8,1250,1.0,0.0,3,3,5,3,10,106,1000,5.63189
4,0.005,8,1250,1.0,0.0,3,3,5,3,10,106,-1,15.5379
4,0.005,8,1250,1.0,0.0,3,3,5,3,10,106,1001,5.6319
4,0.005,8,1250,1.0,0.0,3,3,5,3,10,106,1002,5.6319
4,0.005,8,1250,1.0,0.0,3,3,5,3,10,106,1003,5.63189
4,0.005,8,1250,1.0,0.0,3,3,5,3,10,106,1004,5.6319
4,0.005,8,1250,1.0,0.0,3,3,5,3,10,106,1005,5.63189
4,0.005,8,1250,1.0,0.0,3,3,5,3,10,106,1006,5.63189
4,0.005,8,1250,1.0,0.0,3,3,5,3,10,106,1007,5.63189
4,0.005,8,1250,1.0,0.0,3,3,5,3,10,106,1008,5.63189
4,0.005,8,1250,1.0,0.0,3,3,5,3,10,106,1009,5.63189
4,0.005,8,1250,1.0,0.0,3,3,5,3,10,106,1010,5.63189
4,0.005,8,1250,1.0,0.0,3,3,5,3,10,106,1011,5.63189
4,0.005,8,1250,1.0,0.0,3,3,5,3,10,106,1012,5.63189
4,0.005,8,1250,1.0,0.0,3,3,5,3,10,106,1013,5.63189
4,0.005,8,1250,1.0,0.0,3,3,5,3,10,106,1014,5.63189
4,0.005,8,1250,1.0,0.0,3,3,5,3,10,106,1015,5.63189
4,0.005,8,1250,1.0,0.0,3,3,5,3,10,106,1016,5.63189
4,0.005,8,1250,1.0,0.0,3,3,5,3,10,106,1017,5.63189
4,0.005,8,1250,1.0,0.0,3,3,5,3,10,106,1018,5.63189
4,0.005,8,1250,1.0,0.0,3,3,5,3,10,106,1019,5.6319
4,0.005,8,1250,1.0,0.0,3,3,5,3,10,106,1020,5.6319
4,0.005,8,1250,1.0,0.0,3,3,5,3,10,106,1021,5.63189
4,0.005,8,1250,1.0,0.0,3,3,5,3,10,106,1022,5.63189
4,0.005,8,1250,1.0,0.0,3,3,5,3,10,106,1023,5.6319
4,0.005,8,1250,1.0,0.0,3,3,5,3,10,106,1024,5.63189
4,0.005,8,1250,1.0,0.0,3,3,5,3,10,106,1025,5.63189
4,0.005,8,1250,1.0,0.0,3,3,5,3,10,106,1026,5.63189
4,0.005,8,1250,1.0,0.0,3,3,5,3,10,106,1027,5.63189
4,0.005,8,1250,1.0,0.0,3,3,5,3,10,106,1028,5.63189
4,0.005,8,1250,1.0,0.0,3,3,5,3,10,106,1029,5.63189
4,0.005,8,1250,1.0,0.0,3,3,5,3,10,106,1030,5.63189
4,0.005,8,1250,1.0,0.0,3,3,5,3,10,106,1031,5.63189
4,0.005,8,1250,1.0,0.0,3,3,5,3,10,106,1032,5.63189
4,0.005,8,1250,1.0,0.0,3,3,5,3,10,106,1033,5.63189
4,0.005,8,1250,1.0,0.0,3,3,5,3,10,106,1034,5.63189
4,0.005,8,1250,1.0,0.0,3,3,5,3,10,106,1035,5.63189
4,0.005,8,1250,1.0,0.0,3,3,5,3,10,106,1036,5.63189
4,0.005,8,1250,1.0,0.0,3,3,5,3,10,106,1037,5.63189
4,0.005,8,1250,1.0,0.0,3,3,5,3,10,106,1038,5.63189
4,0.005,8,1250,1.0,0.0,3,3,5,3,10,106,1039,5.63189
4,0.005,8,1250,1.0,0.0,3,3,5,3,10,106,1040,5.63189
4,0.005,8,1250,1.0,0.0,3,3,5,3,10,106,1041,5.63189
4,0.005,8,1250,1.0,0.0,3,3,5,3,10,106,1042,5.63189
4,0.005,8,1250,1.0,0.0,3,3,5,3,10,106,1043,5.6319
4,0.005,8,1250,1.0,0.0,3,3,5,3,10,106,1044,5.6319
4,0.005,8,1250,1.0,0.0,3,3,5,3,10,106,1045,5.63189
4,0.005,8,1250,1.0,0.0,3,3,5,3,10,106,1046,5.6319
4,0.005,8,1250,1.0,0.0,3,3,5,3,10,106,1047,5.6319
4,0.005,8,1250,1.0,0.0,3,3,5,3,10,106,1048,5.63189
4,0.005,8,1250,1.0,0.0,3,3,5,3,10,106,1049,5.63189
4,0.005,8,1250,1.0,0.0,3,3,5,3,10,106,1050,5.6319
4,0.005,8,1250,1.0,0.0,3,3,5,3,10,106,1051,5.63189
4,0.005,8,1250,1.0,0.0,3,3,5,3,10,106,1052,5.63189
4,0.005,8,1250,1.0,0.0,3,3,5,3,10,106,1053,5.63189
4,0.005,8,1250,1.0,0.0,3,3,5,3,10,106,1054,5.6319
4,0.005,8,1250,1.0,0.0,3,3,5,3,10,106,1055,5.63189
4,0.005,8,1250,1.0,0.0,3,3,5,3,10,106,1056,5.63189
4,0.005,8,1250,1.0,0.0,3,3,5,3,10,106,1057,5.63189
4,0.005,8,1250,1.0,0.0,3,3,5,3,10,106,1058,5.63189
4,0.005,8,1250,1.0,0.0,3,3,5,3,10,106,1059,5.63189
4,0.005,8,1250,1.0,0.0,3,3,5,3,10,106,1060,5.63189
4,0.005,8,1250,1.0,0.0,3,3,5,3,10,106,1061,5.63189
4,0.005,8,1250,1.0,0.0,3,3,5,3,10,106,1062,5.63189
4,0.005,8,1250,1.0,0.0,3,3,5,3,10,106,1063,5.63189
4,0.005,8,1250,1.0,0.0,3,3,5,3,10,106,1064,5.63189
4,0.005,8,1250,1.0,0.0,3,3,5,3,10,106,1065,5.63189
4,0.005,8,1250,1.0,0.0,3,3,5,3,10,106,1066,5.63189
4,0.005,8,1250,1.0,0.0,3,3,5,3,10,106,1067,5.63189
4,0.005,8,1250,1.0,0.0,3,3,5,3,10,106,1068,5.63189
4,0.005,8,1250,1.0,0.0,3,3,5,3,10,106,1069,5.63189
4,0.005,8,1250,1.0,0.0,3,3,5,3,10,106,1070,5.63189
4,0.005,8,1250,1.0,0.0,3,3,5,3,10,106,1071,5.63189
4,0.005,8,1250,1.0,0.0,3,3,5,3,10,106,1072,5.63189
4,0.005,8,1250,1.0,0.0,3,3,5,3,10,106,1073,5.63189
4,0.005,8,1250,1.0,0.0,3,3,5,3,10,106,1074,5.63189
4,0.005,8,1250,1.0,0.0,3,3,5,3,10,106,1075,5.63189
4,0.005,8,1250,1.0,0.0,3,3,5,3,10,106,1076,5.63189
4,0.005,8,1250,1.0,0.0,3,3,5,3,10,106,1077,5.63189
4,0.005,8,1250,1.0,0.0,3,3,5,3,10,106,1078,5.63189
4,0.005,8,1250,1.0,0.0,3,3,5,3,10,106,1079,5.63189
4,0.005,8,1250,1.0,0.0,3,3,5,3,10,106,1080,5.63189
4,0.005,8,1250,1.0,0.0,3,3,5,3,10,106,1081,5.63189
4,0.005,8,1250,1.0,0.0,3,3,5,3,10,106,1082,5.63189
4,0.005,8,1250,1.0,0.0,3,3,5,3,10,106,1083,5.63189
4,0.005,8,1250,1.0,0.0,3,3,5,3,10,106,1084,5.6319
4,0.005,8,1250,1.0,0.0,3,3,5,3,10,106,1085,5.6319
4,0.005,8,1250,1.0,0.0,3,3,5,3,10,106,1086,5.63189
4,0.005,8,1250,1.0,0.0,3,3,5,3,10,106,1087,5.63189
4,0.005,8,1250,1.0,0.0,3,3,5,3,10,106,1088,5.63189
4,0.005,8,1250,1.0,0.0,3,3,5,3,10,106,1089,5.63189
4,0.005,8,1250,1.0,0.0,3,3,5,3,10,106,1090,5.63189
4,0.005,8,1250,1.0,0.0,3,3,5,3,10,106,1091,5.63189
4,0.005,8,1250,1.0,0.0,3,3,5,3,10,106,1092,5.63189
4,0.005,8,1250,1.0,0.0,3,3,5,3,10,106,1093,5.63189
4,0.005,8,1250,1.0,0.0,3,3,5,3,10,106,1094,5.6319
4,0.005,8,1250,1.0,0.0,3,3,5,3,10,106,1095,5.63189
4,0.005,8,1250,1.0,0.0,3,3,5,3,10,106,1096,5.63189
4,0.005,8,1250,1.0,0.0,3,3,5,3,10,106,1097,5.63189
4,0.005,8,1250,1.0,0.0,3,3,5,3,10,106,1098,5.63189
4,0.005,8,1250,1.0,0.0,3,3,5,3,10,106,1099,5.63189
4,0.005,8,1250,1.0,0.0,3,3,5,3,10,106,1100,5.63189
4,0.005,8,1250,1.0,0.0,3,3,5,3,10,106,-1,15.5379
4,0.005,8,1250,1.0,0.0,3,3,5,3,10,106,1101,5.63189
4,0.005,8,1250,1.0,0.0,3,3,5,3,10,106,1102,5.63189
4,0.005,8,1250,1.0,0.0,3,3,5,3,10,106,1103,5.63189
4,0.005,8,1250,1.0,0.0,3,3,5,3,10,106,1104,5.63189
4,0.005,8,1250,1.0,0.0,3,3,5,3,10,106,1105,5.63189
4,0.005,8,1250,1.0,0.0,3,3,5,3,10,106,1106,5.6319
4,0.005,8,1250,1.0,0.0,3,3,5,3,10,106,1107,5.63189
4,0.005,8,1250,1.0,0.0,3,3,5,3,10,106,1108,5.63189
4,0.005,8,1250,1.0,0.0,3,3,5,3,10,106,1109,5.63189
4,0.005,8,1250,1.0,0.0,3,3,5,3,10,106,1110,5.63189
4,0.005,8,1250,1.0,0.0,3,3,5,3,10,106,1111,5.63189
4,0.005,8,1250,1.0,0.0,3,3,5,3,10,106,1112,5.63189
4,0.005,8,1250,1.0,0.0,3,3,5,3,10,106,1113,5.63189
4,0.005,8,1250,1.0,0.0,3,3,5,3,10,106,1114,5.63189
4,0.005,8,1250,1.0,0.0,3,3,5,3,10,106,1115,5.63189
4,0.005,8,1250,1.0,0.0,3,3,5,3,10,106,1116,5.6319
4,0.005,8,1250,1.0,0.0,3,3,5,3,10,106,1117,5.63189
4,0.005,8,1250,1.0,0.0,3,3,5,3,10,106,1118,5.63189
4,0.005,8,1250,1.0,0.0,3,3,5,3,10,106,1119,5.63189
4,0.005,8,1250,1.0,0.0,3,3,5,3,10,106,1120,5.63189
4,0.005,8,1250,1.0,0.0,3,3,5,3,10,106,1121,5.63189
4,0.005,8,1250,1.0,0.0,3,3,5,3,10,106,1122,5.63189
4,0.005,8,1250,1.0,0.0,3,3,5,3,10,106,1123,5.63189
4,0.005,8,1250,1.0,0.0,3,3,5,3,10,106,1124,5.6319
4,0.005,8,1250,1.0,0.0,3,3,5,3,10,106,1125,5.63189
4,0.005,8,1250,1.0,0.0,3,3,5,3,10,106,1126,5.6319
4,0.005,8,1250,1.0,0.0,3,3,5,3,10,106,1127,5.63189
4,0.005,8,1250,1.0,0.0,3,3,5,3,10,106,1128,5.63189
4,0.005,8,1250,1.0,0.0,3,3,5,3,10,106,1129,5.6319
4,0.005,8,1250,1.0,0.0,3,3,5,3,10,106,1130,5.63189
4,0.005,8,1250,1.0,0.0,3,3,5,3,10,106,1131,5.63189
4,0.005,8,1250,1.0,0.0,3,3,5,3,10,106,1132,5.63189
4,0.005,8,1250,1.0,0.0,3,3,5,3,10,106,1133,5.63189
4,0.005,8,1250,1.0,0.0,3,3,5,3,10,106,1134,5.63189
4,0.005,8,1250,1.0,0.0,3,3,5,3,10,106,1135,5.63189
4,0.005,8,1250,1.0,0.0,3,3,5,3,10,106,1136,5.63189
4,0.005,8,1250,1.0,0.0,3,3,5,3,10,106,1137,5.63189
4,0.005,8,1250,1.0,0.0,3,3,5,3,10,106,1138,5.63189
4,0.005,8,1250,1.0,0.0,3,3,5,3,10,106,1139,5.63189
4,0.005,8,1250,1.0,0.0,3,3,5,3,10,106,1140,5.63189
4,0.005,8,1250,1.0,0.0,3,3,5,3,10,106,1141,5.63189
4,0.005,8,1250,1.0,0.0,3,3,5,3,10,106,1142,5.63189
4,0.005,8,1250,1.0,0.0,3,3,5,3,10,106,1143,5.63189
4,0.005,8,1250,1.0,0.0,3,3,5,3,10,106,1144,5.63189
4,0.005,8,1250,1.0,0.0,3,3,5,3,10,106,1145,5.63189
4,0.005,8,1250,1.0,0.0,3,3,5,3,10,106,1146,5.6319
4,0.005,8,1250,1.0,0.0,3,3,5,3,10,106,1147,5.63189
4,0.005,8,1250,1.0,0.0,3,3,5,3,10,106,1148,5.63189
4,0.005,8,1250,1.0,0.0,3,3,5,3,10,106,1149,5.63189
4,0.005,8,1250,1.0,0.0,3,3,5,3,10,106,1150,5.63189
4,0.005,8,1250,1.0,0.0,3,3,5,3,10,106,1151,5.63189
4,0.005,8,1250,1.0,0.0,3,3,5,3,10,106,1152,5.63189
4,0.005,8,1250,1.0,0.0,3,3,5,3,10,106,1153,5.63189
4,0.005,8,1250,1.0,0.0,3,3,5,3,10,106,1154,5.63189
4,0.005,8,1250,1.0,0.0,3,3,5,3,10,106,1155,5.63189
4,0.005,8,1250,1.0,0.0,3,3,5,3,10,106,1156,5.63189
4,0.005,8,1250,1.0,0.0,3,3,5,3,10,106,1157,5.63189
4,0.005,8,1250,1.0,0.0,3,3,5,3,10,106,1158,5.63189
4,0.005,8,1250,1.0,0.0,3,3,5,3,10,106,1159,5.63189
4,0.005,8,1250,1.0,0.0,3,3,5,3,10,106,1160,5.63189
4,0.005,8,1250,1.0,0.0,3,3,5,3,10,106,1161,5.6319
4,0.005,8,1250,1.0,0.0,3,3,5,3,10,106,1162,5.63189
4,0.005,8,1250,1.0,0.0,3,3,5,3,10,106,1163,5.63189
4,0.005,8,1250,1.0,0.0,3,3,5,3,10,106,1164,5.63189
4,0.005,8,1250,1.0,0.0,3,3,5,3,10,106,1165,5.63189
4,0.005,8,1250,1.0,0.0,3,3,5,3,10,106,1166,5.63189
4,0.005,8,1250,1.0,0.0,3,3,5,3,10,106,1167,5.63189
4,0.005,8,1250,1.0,0.0,3,3,5,3,10,106,1168,5.63189
4,0.005,8,1250,1.0,0.0,3,3,5,3,10,106,1169,5.63189
4,0.005,8,1250,1.0,0.0,3,3,5,3,10,106,1170,5.63189
4,0.005,8,1250,1.0,0.0,3,3,5,3,10,106,1171,5.63189
4,0.005,8,1250,1.0,0.0,3,3,5,3,10,106,1172,5.63189
4,0.005,8,1250,1.0,0.0,3,3,5,3,10,106,1173,5.63189
4,0.005,8,1250,1.0,0.0,3,3,5,3,10,106,1174,5.63189
4,0.005,8,1250,1.0,0.0,3,3,5,3,10,106,1175,5.63189
4,0.005,8,1250,1.0,0.0,3,3,5,3,10,106,1176,5.63189
4,0.005,8,1250,1.0,0.0,3,3,5,3,10,106,1177,5.63189
4,0.005,8,1250,1.0,0.0,3,3,5,3,10,106,1178,5.63189
4,0.005,8,1250,1.0,0.0,3,3,5,3,10,106,1179,5.63189
4,0.005,8,1250,1.0,0.0,3,3,5,3,10,106,1180,5.63189
4,0.005,8,1250,1.0,0.0,3,3,5,3,10,106,1181,5.63189
4,0.005,8,1250,1.0,0.0,3,3,5,3,10,106,1182,5.6319
4,0.005,8,1250,1.0,0.0,3,3,5,3,10,106,1183,5.6319
4,0.005,8,1250,1.0,0.0,3,3,5,3,10,106,1184,5.63189
4,0.005,8,1250,1.0,0.0,3,3,5,3,10,106,1185,5.63189
4,0.005,8,1250,1.0,0.0,3,3,5,3,10,106,1186,5.63189
4,0.005,8,1250,1.0,0.0,3,3,5,3,10,106,1187,5.6319
4,0.005,8,1250,1.0,0.0,3,3,5,3,10,106,1188,5.6319
4,0.005,8,1250,1.0,0.0,3,3,5,3,10,106,1189,5.63189
4,0.005,8,1250,1.0,0.0,3,3,5,3,10,106,1190,5.63189
4,0.005,8,1250,1.0,0.0,3,3,5,3,10,106,1191,5.63189
4,0.005,8,1250,1.0,0.0,3,3,5,3,10,106,1192,5.63189
4,0.005,8,1250,1.0,0.0,3,3,5,3,10,106,1193,5.63189
4,0.005,8,1250,1.0,0.0,3,3,5,3,10,106,1194,5.63189
4,0.005,8,1250,1.0,0.0,3,3,5,3,10,106,1195,5.63189
4,0.005,8,1250,1.0,0.0,3,3,5,3,10,106,1196,5.63189
4,0.005,8,1250,1.0,0.0,3,3,5,3,10,106,1197,5.63189
4,0.005,8,1250,1.0,0.0,3,3,5,3,10,106,1198,5.63189
4,0.005,8,1250,1.0,0.0,3,3,5,3,10,106,1199,5.63189
4,0.005,8,1250,1.0,0.0,3,3,5,3,10,106,1200,5.63189
4,0.005,8,1250,1.0,0.0,3,3,5,3,10,106,-1,15.5379
4,0.005,8,1250,1.0,0.0,3,3,5,3,10,106,1201,5.6319
4,0.005,8,1250,1.0,0.0,3,3,5,3,10,106,1202,5.63189
4,0.005,8,1250,1.0,0.0,3,3,5,3,10,106,1203,5.63189
4,0.005,8,1250,1.0,0.0,3,3,5,3,10,106,1204,5.63189
4,0.005,8,1250,1.0,0.0,3,3,5,3,10,106,1205,5.63189
4,0.005,8,1250,1.0,0.0,3,3,5,3,10,106,1206,5.63189
4,0.005,8,1250,1.0,0.0,3,3,5,3,10,106,1207,5.63189
4,0.005,8,1250,1.0,0.0,3,3,5,3,10,106,1208,5.63189
4,0.005,8,1250,1.0,0.0,3,3,5,3,10,106,1209,5.63189
4,0.005,8,1250,1.0,0.0,3,3,5,3,10,106,1210,5.63189
4,0.005,8,1250,1.0,0.0,3,3,5,3,10,106,1211,5.63189
4,0.005,8,1250,1.0,0.0,3,3,5,3,10,106,1212,5.6319
4,0.005,8,1250,1.0,0.0,3,3,5,3,10,106,1213,5.63189
4,0.005,8,1250,1.0,0.0,3,3,5,3,10,106,1214,5.63189
4,0.005,8,1250,1.0,0.0,3,3,5,3,10,106,1215,5.63189
4,0.005,8,1250,1.0,0.0,3,3,5,3,10,106,1216,5.63189
4,0.005,8,1250,1.0,0.0,3,3,5,3,10,106,1217,5.63189
4,0.005,8,1250,1.0,0.0,3,3,5,3,10,106,1218,5.63189
4,0.005,8,1250,1.0,0.0,3,3,5,3,10,106,1219,5.63189
4,0.005,8,1250,1.0,0.0,3,3,5,3,10,106,1220,5.63189
4,0.005,8,1250,1.0,0.0,3,3,5,3,10,106,1221,5.63189
4,0.005,8,1250,1.0,0.0,3,3,5,3,10,106,1222,5.63189
4,0.005,8,1250,1.0,0.0,3,3,5,3,10,106,1223,5.63189
4,0.005,8,1250,1.0,0.0,3,3,5,3,10,106,1224,5.63189
4,0.005,8,1250,1.0,0.0,3,3,5,3,10,106,1225,5.63189
4,0.005,8,1250,1.0,0.0,3,3,5,3,10,106,1226,5.63189
4,0.005,8,1250,1.0,0.0,3,3,5,3,10,106,1227,5.63189
4,0.005,8,1250,1.0,0.0,3,3,5,3,10,106,1228,5.6319
4,0.005,8,1250,1.0,0.0,3,3,5,3,10,106,1229,5.63189
4,0.005,8,1250,1.0,0.0,3,3,5,3,10,106,1230,5.63189
4,0.005,8,1250,1.0,0.0,3,3,5,3,10,106,1231,5.63189
4,0.005,8,1250,1.0,0.0,3,3,5,3,10,106,1232,5.63189
4,0.005,8,1250,1.0,0.0,3,3,5,3,10,106,1233,5.63189
4,0.005,8,1250,1.0,0.0,3,3,5,3,10,106,1234,5.63189
4,0.005,8,1250,1.0,0.0,3,3,5,3,10,106,1235,5.63189
4,0.005,8,1250,1.0,0.0,3,3,5,3,10,106,1236,5.63189
4,0.005,8,1250,1.0,0.0,3,3,5,3,10,106,1237,5.63189
4,0.005,8,1250,1.0,0.0,3,3,5,3,10,106,1238,5.63189
4,0.005,8,1250,1.0,0.0,3,3,5,3,10,106,1239,5.63189
4,0.005,8,1250,1.0,0.0,3,3,5,3,10,106,1240,5.63189
4,0.005,8,1250,1.0,0.0,3,3,5,3,10,106,1241,5.63189
4,0.005,8,1250,1.0,0.0,3,3,5,3,10,106,1242,5.63189
4,0.005,8,1250,1.0,0.0,3,3,5,3,10,106,1243,5.63189
4,0.005,8,1250,1.0,0.0,3,3,5,3,10,106,1244,5.63189
4,0.005,8,1250,1.0,0.0,3,3,5,3,10,106,1245,5.63189
4,0.005,8,1250,1.0,0.0,3,3,5,3,10,106,1246,5.63189
4,0.005,8,1250,1.0,0.0,3,3,5,3,10,106,1247,5.63189
4,0.005,8,1250,1.0,0.0,3,3,5,3,10,106,1248,5.6319
4,0.005,8,1250,1.0,0.0,3,3,5,3,10,106,1249,5.63189
4,0.005,8,1250,1.0,0.0,3,3,5,3,10,106,-2,13.4356
